542,541,544,540,549,551,558,581,587,621,628,654,659,678,680,665,661,638,611,574,520,510,453,410,405,394,403,409,411,416,440,437,439,422,414,415,433,443,458,452,468,427,416,410,396,393,409,416,403,396,393,378,369,362,362,352,346,352,350,341,339,338,338,338,339,339,340,340,340,339,338,336,333,329,325,321,316,311,306,302,298,294,291,288,284,281,278,275,273,270,268,267,265,264,263,262,261,260,259,258,257,256,255,254,252,250,248,246,244,241,239
518,535,536,540,535,545,539,560,577,583,616,623,650,656,676,678,662,655,635,609,569,519,508,451,408,399,389,400,408,411,417,439,435,436,420,414,416,432,447,465,458,471,433,419,412,399,395,410,417,405,397,396,380,371,364,363,353,347,353,350,341,339,338,338,338,339,340,340,340,340,340,339,336,333,329,325,321,316,311,307,302,298,295,291,288,285,281,278,275,273,271,269,267,265,264,263,262,261,260,260,259,258,257,255,254,252,251,249,246,244,242
483,520,533,535,539,535,535,546,561,577,582,614,623,650,654,676,677,659,655,636,607,571,521,509,453,406,397,388,400,409,413,416,438,433,434,420,416,416,437,454,471,463,476,436,421,415,400,396,410,418,405,399,397,380,371,365,363,353,348,353,350,341,339,338,338,339,339,340,340,340,340,340,339,336,333,330,326,321,316,312,307,303,299,295,292,288,285,282,279,276,273,271,269,267,266,264,263,262,262,261,260,259,258,257,256,254,253,251,249,247,244
460,486,520,532,535,538,526,543,547,560,577,579,614,623,651,655,676,676,660,656,631,610,575,524,513,452,405,396,389,402,411,413,415,436,430,434,421,415,421,444,460,477,469,480,439,424,417,401,395,411,418,406,400,396,380,372,364,363,353,348,353,350,341,339,339,339,339,339,340,341,341,341,340,339,337,334,330,326,322,317,312,307,303,299,295,292,288,285,282,279,276,274,271,269,268,266,265,264,263,262,261,260,259,258,257,256,255,253,251,249,247
404,460,485,520,532,534,530,534,544,547,560,571,579,615,624,651,656,675,677,662,653,634,614,578,528,513,452,406,398,391,404,411,412,413,434,431,436,421,420,428,451,465,483,473,483,442,426,417,401,397,411,419,407,400,396,381,371,364,363,353,348,353,350,341,339,339,339,339,340,340,341,341,341,340,340,337,334,330,326,322,317,312,308,303,299,296,292,289,286,282,279,276,274,272,270,268,266,265,264,263,262,261,261,260,259,258,256,255,253,252,250
379,408,458,485,519,531,527,538,535,545,547,556,571,580,615,625,652,655,676,679,662,656,637,617,582,528,513,452,407,399,393,404,410,410,411,433,432,435,425,427,435,456,472,487,476,486,444,427,417,402,397,412,420,408,400,396,380,371,364,363,353,348,353,350,341,340,339,339,339,340,341,341,341,341,341,340,337,334,331,327,322,317,313,308,304,300,296,293,289,286,283,280,277,274,272,270,268,267,266,264,263,263,262,261,260,259,258,257,255,254,252
512,370,409,458,484,519,524,534,539,535,545,542,556,571,580,616,626,652,656,678,677,665,658,638,618,579,525,509,450,406,400,392,401,407,406,410,434,431,438,431,433,440,462,476,490,479,488,444,426,418,402,398,412,420,407,400,395,379,370,364,363,353,348,353,350,341,340,339,339,340,340,341,342,342,342,341,340,338,335,331,327,323,318,313,308,304,300,296,293,290,286,283,280,277,275,272,270,269,267,266,265,264,263,262,261,260,259,258,257,256,254
523,505,366,409,457,484,511,532,535,539,535,540,543,556,572,581,617,625,652,657,674,679,666,659,638,615,576,522,508,450,407,398,389,397,402,405,410,434,434,444,437,438,445,465,479,493,481,488,443,427,418,403,398,413,420,407,399,395,379,370,364,363,353,348,354,351,342,340,340,340,340,341,341,342,342,342,341,341,338,335,331,327,323,318,313,309,304,300,297,293,290,287,283,280,278,275,273,271,269,267,266,265,264,263,262,262,261,260,259,257,256
529,520,506,366,409,457,476,519,533,536,539,529,540,543,557,573,582,616,626,654,652,676,681,668,661,637,614,576,524,511,453,408,397,387,394,402,406,411,438,441,449,442,443,449,469,482,495,482,488,444,428,419,404,399,413,420,406,398,395,379,370,364,363,354,348,354,351,342,340,340,340,340,341,342,342,342,342,342,341,338,335,332,328,323,319,314,309,305,301,297,294,290,287,284,281,278,275,273,271,269,268,267,265,264,264,263,262,261,260,259,258
633,517,525,506,366,408,450,484,520,533,536,534,529,541,543,558,573,582,617,628,651,655,678,684,671,660,637,615,578,527,515,455,407,395,383,394,404,406,415,444,447,454,447,448,452,472,485,497,482,490,445,429,420,405,399,413,420,406,398,395,379,370,364,363,354,348,354,351,342,341,340,340,341,341,342,343,343,343,342,341,339,336,332,328,324,319,314,309,305,301,297,294,291,287,284,281,278,276,273,271,270,268,267,266,265,264,263,262,261,261,259
689,635,514,525,506,366,402,456,485,520,533,531,535,530,542,544,559,574,583,619,629,654,657,680,685,670,660,637,617,581,531,516,455,406,392,384,395,404,410,421,450,452,460,451,451,456,475,486,497,483,491,446,430,421,405,400,412,419,406,398,394,379,370,364,363,354,349,354,351,342,341,340,341,341,342,342,343,343,343,342,342,339,336,332,328,324,319,314,310,305,301,298,294,291,288,284,281,279,276,274,272,270,268,267,266,265,264,263,263,262,261
679,688,634,514,525,506,361,407,457,485,520,534,531,535,530,543,545,559,574,585,616,632,656,660,682,685,671,661,639,620,586,535,516,453,403,393,385,397,408,416,427,455,457,464,455,455,459,477,487,498,484,492,448,431,422,405,399,412,419,406,398,394,379,370,364,364,354,349,355,352,343,341,341,341,341,342,343,343,343,343,343,342,339,336,333,329,324,320,315,310,306,302,298,295,291,288,285,282,279,276,274,272,270,269,268,267,266,265,264,263,262
637,680,685,634,515,525,498,365,408,457,485,520,534,532,534,530,543,545,560,576,586,619,635,658,661,682,685,671,663,642,625,590,535,515,450,403,394,387,401,414,422,432,461,461,467,458,458,460,477,488,499,486,494,449,432,422,405,400,412,419,406,398,395,379,371,364,364,355,349,355,352,343,342,341,341,342,342,343,344,344,344,343,342,340,337,333,329,325,320,315,310,306,302,298,295,292,288,285,282,279,277,274,272,271,269,268,267,266,265,264,263
605,639,681,685,634,515,517,504,366,408,457,484,520,534,529,535,531,544,546,562,576,588,621,637,660,661,682,686,673,667,646,628,590,534,512,451,405,395,391,407,419,427,437,465,464,471,461,459,461,479,490,501,488,495,449,432,422,405,399,412,419,406,398,395,379,371,365,364,355,349,355,352,343,342,341,342,342,343,343,344,344,344,343,343,340,337,333,329,325,320,315,311,306,302,299,295,292,289,285,282,280,277,275,273,271,270,268,267,266,265,265
602,604,640,681,685,634,507,523,505,366,408,458,485,521,535,531,536,531,545,549,562,579,591,625,640,659,661,683,688,678,672,650,627,588,532,513,453,405,400,397,413,424,432,441,468,469,474,463,460,462,480,492,503,489,495,450,432,422,405,399,412,419,406,398,395,379,371,365,364,355,350,356,353,344,342,342,342,342,343,344,344,344,344,344,343,340,337,334,330,325,321,316,311,307,303,299,296,292,289,286,283,280,277,275,273,271,270,269,268,267,266
601,605,604,642,683,685,626,512,524,506,367,410,459,486,522,536,532,536,533,548,551,569,585,597,627,639,660,662,685,695,685,679,650,627,586,533,516,456,411,407,403,418,430,437,445,473,473,477,464,462,464,482,494,504,490,496,450,432,422,406,400,413,420,407,399,396,380,372,366,366,356,351,357,354,345,343,343,343,343,344,345,345,345,345,345,344,341,338,335,331,326,322,317,312,308,304,300,297,293,290,287,284,281,278,276,274,272,271,270,269,268
554,601,604,604,641,681,675,630,514,525,507,367,411,461,487,524,538,532,538,537,553,557,575,590,598,626,640,661,665,692,703,689,678,648,625,587,535,515,460,416,413,409,426,436,441,450,477,476,479,467,465,468,485,495,505,490,496,450,432,422,407,401,414,421,408,400,397,381,373,367,367,357,352,358,355,346,344,344,344,344,345,346,346,347,346,346,345,343,339,336,332,327,323,318,313,309,305,301,298,294,291,288,285,282,279,277,275,273,272,271,270
456,563,599,605,603,641,672,680,632,514,526,509,370,414,463,491,527,538,535,543,539,558,562,580,590,597,627,642,664,672,702,707,689,677,647,625,589,539,517,464,421,418,417,431,440,446,454,480,478,482,469,469,470,487,497,506,490,496,450,433,423,407,402,415,422,409,401,398,382,374,368,368,358,353,359,356,347,345,345,345,345,346,347,347,348,347,347,346,344,340,337,333,328,324,319,314,310,306,302,299,295,292,289,286,283,281,278,276,275,273,272
461,457,570,602,606,607,633,675,683,633,519,528,515,375,420,471,496,527,545,545,548,547,565,571,582,590,599,630,646,671,681,705,707,688,676,649,628,593,545,526,472,428,427,423,436,445,451,457,482,481,484,473,471,472,488,497,506,491,497,451,434,424,408,402,416,423,410,402,399,383,375,369,369,359,354,360,357,348,346,346,346,346,347,348,348,349,348,348,347,345,342,338,334,329,325,320,315,311,307,303,300,297,293,290,287,284,282,279,277,276,274
475,461,459,573,604,610,598,633,678,685,639,515,536,521,377,426,474,494,534,555,544,556,554,573,570,580,591,601,633,653,678,683,704,705,687,678,652,629,599,555,534,480,440,434,428,442,450,454,461,486,484,489,478,475,475,491,499,509,494,498,451,434,424,409,403,416,423,410,403,400,384,376,370,369,360,355,361,358,349,347,347,347,347,348,349,349,350,349,349,348,346,343,339,335,330,326,321,316,312,308,304,301,298,294,291,288,285,283,280,278,277
511,473,463,462,574,606,601,593,636,680,691,633,522,539,521,381,425,469,498,541,549,546,557,555,566,564,579,592,604,638,660,679,683,704,706,690,682,654,635,609,564,544,496,449,440,436,448,454,459,466,490,490,495,482,478,478,493,503,513,497,500,454,437,428,413,407,420,427,414,407,403,388,380,373,373,364,358,364,361,352,351,350,351,351,352,352,353,353,353,353,352,349,346,343,338,334,329,325,320,316,312,308,304,301,298,295,292,289,286,284,282
502,512,472,464,462,575,597,583,596,639,688,675,639,523,538,524,380,421,475,511,541,557,551,565,553,563,564,581,596,610,646,663,679,682,705,709,695,679,660,647,619,575,561,505,454,448,442,452,458,464,470,497,495,499,485,482,482,497,506,515,499,503,457,441,431,416,411,424,431,418,410,407,391,383,377,377,367,362,368,365,356,354,354,354,355,355,356,356,357,357,356,355,353,350,346,342,338,333,328,324,319,315,312,308,305,301,298,295,292,290,288
505,502,511,473,464,464,566,573,586,599,645,669,681,642,523,542,526,377,429,492,505,552,567,563,565,551,566,569,586,604,621,649,661,678,682,707,715,689,687,674,659,632,596,570,510,461,454,446,457,464,469,477,503,500,502,489,485,485,500,508,517,501,506,461,444,435,420,414,427,435,421,414,410,395,387,380,380,371,365,371,368,359,358,358,358,358,359,359,360,360,360,360,359,356,353,350,346,341,337,332,327,323,319,315,312,308,305,302,299,296,294
456,508,500,512,473,466,457,543,576,588,605,627,677,687,649,534,547,522,387,450,484,518,561,582,562,563,553,570,574,595,614,622,647,660,678,685,714,708,699,702,685,671,652,606,575,518,468,458,451,462,469,476,484,508,503,506,492,488,488,502,510,520,504,509,464,448,439,424,418,431,438,425,417,414,398,390,384,384,374,369,375,372,363,361,361,361,362,362,363,364,364,364,363,362,360,357,353,349,345,340,335,331,326,322,319,315,312,309,306,303,300
431,458,509,501,513,475,459,441,547,579,598,596,639,685,697,660,538,543,531,406,438,497,528,576,579,558,563,555,574,581,605,614,620,645,659,681,692,707,718,713,712,697,691,661,610,582,523,471,462,456,466,476,482,488,512,507,509,495,490,490,504,513,523,508,513,468,452,442,427,422,435,441,428,421,417,402,394,387,387,378,372,378,375,366,365,365,365,365,366,367,367,367,367,367,366,363,360,357,353,348,344,339,334,330,326,322,319,316,312,309,306
426,432,458,509,501,514,468,444,444,550,589,598,606,645,691,710,663,532,550,548,396,448,505,541,571,574,557,564,558,580,590,605,611,617,645,662,686,685,717,732,723,723,714,699,664,616,586,525,473,465,459,473,481,486,490,514,508,512,496,490,491,505,514,525,510,514,470,454,444,429,424,436,443,430,423,419,404,395,389,389,380,374,380,377,368,367,367,367,367,368,369,369,369,369,369,368,365,362,359,355,350,346,341,336,332,328,324,321,318,314,311
377,428,432,458,509,502,506,453,447,447,560,594,606,610,650,701,710,655,538,565,531,405,454,514,536,566,572,557,566,563,587,589,601,608,617,647,667,676,694,730,741,734,739,721,701,669,620,587,525,476,468,465,477,484,487,492,515,510,511,496,490,491,506,516,526,512,516,472,456,446,431,425,438,445,432,424,421,406,397,391,391,382,376,382,379,370,369,368,369,369,370,370,371,371,371,371,370,367,364,361,357,352,348,343,338,334,330,326,323,320,316
378,378,429,433,458,510,495,492,456,449,455,563,601,610,613,658,700,699,660,554,549,539,410,461,509,529,562,571,558,570,568,586,585,597,606,618,651,657,684,706,738,750,749,745,722,706,672,620,587,527,477,473,468,479,484,488,493,516,509,511,496,491,493,508,518,528,514,518,474,458,448,433,427,440,447,434,426,423,408,399,393,393,383,378,384,381,372,371,370,371,371,372,372,373,373,373,373,372,369,366,363,359,354,350,345,340,336,332,328,325,322
411,378,379,429,433,459,503,482,495,458,457,459,570,604,610,619,657,690,705,675,541,555,543,417,456,501,525,561,572,560,574,567,581,581,595,608,622,641,664,695,714,746,763,755,746,726,707,671,619,588,529,481,475,469,479,485,489,493,515,509,511,497,492,494,510,520,530,515,520,476,459,450,435,429,442,449,436,428,425,409,401,395,395,385,380,386,383,374,373,372,372,373,374,374,375,375,375,375,374,371,368,365,361,356,352,347,342,338,334,330,327
430,409,377,379,429,434,452,491,484,497,465,460,465,573,601,616,618,646,694,721,659,548,559,550,411,448,497,523,561,574,564,573,563,578,579,596,611,611,648,676,702,721,758,767,756,749,727,706,669,619,588,532,483,476,469,479,485,488,491,515,509,512,498,494,496,512,522,532,517,522,478,461,452,437,431,444,451,438,430,427,411,403,397,397,387,382,388,385,376,375,374,374,375,376,376,377,377,377,377,376,373,370,367,363,358,354,349,344,340,336,332
442,432,407,377,379,430,427,443,493,486,503,475,466,468,571,607,615,608,650,708,712,665,554,568,544,404,443,494,522,562,578,563,569,559,575,580,598,602,618,659,683,710,733,762,768,759,750,724,703,668,619,590,533,483,475,469,479,484,486,490,514,509,512,499,494,497,513,522,533,518,523,478,462,452,437,432,445,451,438,431,427,412,404,398,397,388,383,389,386,377,375,375,375,376,376,377,378,378,378,377,377,374,371,367,363,359,354,350,345,341,337
312,441,428,407,377,380,423,420,445,494,491,510,480,469,469,577,605,605,612,663,702,718,667,559,562,537,400,441,493,523,564,577,559,565,557,576,582,590,609,627,665,691,720,737,763,771,759,747,722,703,668,621,591,532,482,475,468,479,482,484,489,513,509,512,499,495,497,513,523,534,519,523,479,462,453,438,432,445,452,439,431,428,413,404,398,398,389,383,389,386,377,376,376,376,376,377,378,378,379,378,378,377,375,372,368,364,360,355,350,346,341
223,323,433,428,406,377,374,418,421,446,499,501,516,482,475,476,575,596,608,624,661,708,719,671,553,554,532,397,439,493,524,563,573,556,563,557,577,572,596,618,634,672,702,723,738,765,771,756,744,721,702,669,621,590,531,482,475,468,476,481,484,489,513,509,513,500,496,498,514,523,534,519,524,479,463,454,439,433,446,453,440,432,429,413,405,399,399,389,384,390,387,378,377,376,376,377,378,378,379,379,379,379,378,375,372,369,365,360,356,351,346
221,225,334,433,427,407,371,371,419,422,450,509,506,518,493,480,474,566,599,619,624,666,709,723,665,545,549,529,395,439,494,523,559,569,554,563,559,565,579,605,624,640,681,705,724,740,766,768,753,743,720,702,669,620,589,531,481,474,466,474,480,483,489,514,510,514,500,496,499,514,524,535,520,525,480,464,454,439,433,446,453,440,433,429,414,406,400,399,390,385,391,388,379,377,377,377,378,378,379,380,380,380,379,379,376,373,370,366,361,356,352
245,220,225,334,433,428,400,369,371,419,426,460,513,507,528,498,479,466,570,609,619,629,668,712,716,657,540,546,527,395,439,492,519,555,566,554,564,551,570,587,611,630,649,683,706,726,740,763,765,751,742,720,702,667,619,588,530,480,472,464,474,479,483,489,514,510,514,501,497,499,515,524,535,520,525,480,464,455,440,434,447,454,441,433,430,415,406,400,400,391,385,391,388,379,378,378,378,378,379,380,380,381,381,380,379,377,374,370,366,362,357
336,242,218,225,334,433,421,398,370,372,423,434,464,514,517,533,496,471,470,581,609,623,629,670,705,707,652,536,544,526,395,437,488,515,552,565,554,557,556,578,593,616,638,651,684,708,726,738,760,763,750,742,719,700,666,618,587,529,478,470,463,473,479,483,489,514,510,514,501,497,499,515,524,535,520,525,480,464,455,440,434,447,454,441,433,430,415,406,400,400,391,386,391,389,380,378,378,378,379,379,380,381,381,381,380,380,377,374,370,366,362
417,328,241,218,225,334,426,419,398,370,375,425,438,465,522,521,531,489,474,478,579,611,624,630,664,697,701,648,534,543,526,394,434,485,511,551,566,550,561,563,583,598,624,639,651,686,708,724,735,758,762,750,741,717,699,664,616,586,526,476,468,462,472,478,483,489,514,510,514,501,497,499,515,524,535,520,525,480,464,455,440,434,447,454,441,433,430,415,407,400,400,391,386,392,389,380,378,378,378,379,379,380,381,381,381,380,380,377,374,371,367
443,414,323,241,217,225,329,425,420,398,373,378,427,439,470,525,519,524,491,481,476,581,611,623,624,656,691,697,646,533,543,524,390,431,480,510,551,561,553,567,567,587,605,624,640,653,686,705,721,733,757,762,749,739,715,697,663,615,583,524,474,467,461,472,478,483,489,514,510,514,501,497,499,515,524,535,520,525,480,464,455,440,434,447,454,441,433,430,415,407,401,400,391,386,392,389,380,379,378,378,379,380,380,381,381,381,381,380,377,374,371
463,439,414,323,241,217,221,328,425,420,400,376,380,428,443,473,523,513,526,498,478,479,581,611,617,617,650,687,694,645,533,541,521,388,426,479,510,550,564,559,571,571,594,606,625,641,653,683,702,720,732,757,761,747,737,714,695,661,612,581,522,473,467,461,471,478,482,488,514,510,514,501,497,499,515,524,535,520,525,480,464,455,440,434,447,454,441,434,430,415,407,401,400,391,386,392,389,380,379,378,378,379,380,380,381,381,381,381,380,378,375
448,460,439,413,322,241,214,221,328,425,421,404,378,381,430,446,471,517,515,532,493,481,479,581,605,610,612,647,685,692,644,530,538,518,382,425,478,513,552,568,562,574,576,594,606,626,640,650,680,701,719,732,756,759,745,736,712,694,659,609,579,521,472,466,460,471,478,482,488,513,510,514,501,496,499,515,524,535,520,525,480,464,455,440,434,447,454,441,434,430,415,407,401,400,391,386,392,389,380,379,378,379,379,380,381,381,381,381,381,380,378
470,446,461,439,413,322,236,214,221,328,427,425,406,379,383,432,444,466,519,519,527,494,481,479,575,599,605,608,644,683,691,642,527,535,513,381,424,488,515,556,571,566,579,576,595,607,626,638,647,679,700,718,731,754,757,744,734,711,691,657,608,578,521,472,466,460,471,478,482,488,513,509,514,500,496,499,514,524,535,520,525,480,464,455,440,434,447,454,441,434,430,415,407,401,401,391,386,392,389,380,379,379,379,379,380,381,381,382,382,381,380
492,468,444,460,438,412,316,237,214,221,329,425,426,406,380,384,430,438,466,522,515,528,493,480,474,568,594,602,606,642,682,688,638,524,529,511,380,435,489,518,558,574,570,579,576,595,607,623,635,647,678,699,717,729,752,755,742,732,708,689,655,607,577,520,471,466,460,471,477,482,488,513,509,513,500,496,499,514,524,534,520,525,480,464,455,440,434,447,454,441,434,430,415,407,401,401,391,386,392,389,380,379,379,379,379,380,381,381,382,382,381
496,490,466,444,459,437,405,317,237,213,221,329,426,426,407,382,383,426,439,469,517,515,527,492,475,467,563,591,599,604,641,679,684,635,517,528,510,387,435,491,519,560,578,569,579,576,594,604,620,634,645,677,698,715,727,750,753,740,729,706,687,654,605,576,519,471,465,460,470,477,481,488,513,509,513,500,496,498,514,524,534,520,524,480,464,455,440,434,447,454,441,434,430,415,407,401,401,391,386,392,389,380,379,379,379,379,380,381,382,382,382
504,494,489,465,442,459,430,407,317,236,214,221,330,426,427,408,380,378,426,441,464,517,514,525,487,469,463,560,588,597,602,638,675,680,628,515,526,521,387,437,493,521,563,577,569,579,575,592,601,619,633,644,676,696,713,725,748,751,736,726,704,685,652,605,576,519,471,465,459,470,477,481,487,512,509,513,500,496,498,514,523,534,519,524,480,464,455,440,434,447,454,441,433,430,415,407,401,401,391,386,392,389,380,379,379,379,379,380,381,382,382
503,502,492,488,463,441,450,431,406,317,237,214,221,329,424,427,406,376,378,427,436,464,515,512,520,482,465,459,557,586,595,599,634,671,673,626,514,536,521,388,437,493,523,562,576,569,578,572,589,600,617,632,643,674,694,711,723,746,747,734,724,702,684,651,604,575,518,470,464,459,469,476,481,487,512,508,512,499,495,498,513,523,534,519,524,480,464,454,440,434,447,454,441,433,430,415,407,401,401,391,386,392,389,380,379,379,379,379,380,381,382
523,499,499,490,486,462,433,453,431,405,317,237,214,221,327,424,425,402,375,379,422,435,462,513,507,514,477,462,456,555,584,592,596,630,663,670,624,523,536,522,389,438,495,521,561,576,567,575,570,587,598,615,630,641,672,692,709,721,742,745,731,722,701,682,650,603,574,518,470,464,458,469,476,480,486,511,508,512,499,495,497,513,523,533,519,524,479,463,454,439,434,447,454,441,433,430,415,407,401,400,391,386,392,389,380,379,379,379,380,380,381
523,520,496,497,488,484,453,435,452,429,405,315,237,214,218,327,422,421,401,375,374,421,434,460,509,502,510,474,459,454,553,581,588,592,623,660,667,635,523,536,522,389,438,493,520,560,574,564,572,568,586,596,613,628,639,670,689,707,717,740,742,729,721,699,681,649,602,573,517,469,463,458,468,475,480,486,511,507,511,498,494,497,513,522,533,518,523,479,463,454,439,434,446,453,440,433,430,415,407,401,400,391,386,392,389,380,379,379,379,380,380
506,521,518,494,495,486,475,456,434,450,428,404,315,236,212,218,325,418,420,401,370,373,419,431,456,504,497,506,471,456,452,549,577,584,585,619,657,676,634,523,536,521,389,436,491,519,558,571,562,570,567,584,594,611,625,637,668,687,703,714,737,740,727,719,698,680,648,601,572,516,468,463,457,468,475,479,485,510,507,511,498,494,496,512,522,532,518,523,479,463,454,439,433,446,453,440,433,430,415,406,400,400,391,386,392,389,380,379,379,379,379
517,503,518,515,492,493,477,478,454,432,449,426,403,313,235,212,217,322,416,419,395,369,371,417,427,451,499,494,503,469,454,449,545,572,578,581,616,666,674,634,523,535,520,387,434,489,516,555,568,560,568,565,582,592,609,623,634,665,683,700,712,734,738,725,717,696,678,646,599,571,515,467,462,456,467,474,478,484,509,506,510,497,493,496,511,521,532,517,522,478,462,453,438,433,446,453,440,433,429,414,406,400,400,391,386,392,389,380,379,379,379
502,513,500,516,512,489,483,479,476,452,430,446,425,401,311,234,211,215,320,415,414,394,367,369,413,423,447,496,490,500,466,451,446,541,567,574,578,625,664,673,633,521,533,517,385,432,487,513,552,565,558,566,562,579,589,606,620,631,661,680,697,709,732,736,723,715,694,677,645,598,570,514,466,461,455,466,473,477,484,509,505,509,496,492,495,511,520,531,516,521,478,462,453,438,432,445,452,439,432,429,414,406,400,400,391,386,391,389,380,379,378
485,499,509,497,512,510,479,485,477,473,449,429,444,423,399,310,232,208,213,319,409,411,391,364,365,408,419,443,492,487,496,462,447,441,534,563,571,587,622,662,671,630,520,530,514,383,430,484,510,549,563,555,563,559,576,587,603,617,627,658,677,694,706,729,733,721,713,692,674,643,596,568,513,465,460,454,465,472,476,482,507,504,508,495,491,494,510,519,530,515,520,477,461,452,437,432,445,451,439,431,428,413,405,399,399,390,385,391,388,380,378
453,483,494,506,493,509,498,481,483,474,470,443,427,441,420,397,307,230,207,212,315,407,409,388,361,361,404,415,439,488,483,493,458,442,435,530,559,576,584,620,660,668,628,517,526,511,380,427,481,508,547,560,553,561,556,573,584,600,613,624,655,674,692,703,727,730,718,710,689,672,641,594,566,511,464,458,453,464,471,475,481,506,503,507,494,490,493,508,518,529,514,519,476,460,451,436,431,444,451,438,431,428,413,405,399,399,390,385,391,388,379
425,449,478,490,502,489,497,500,478,479,470,465,441,423,438,418,393,304,228,206,210,313,403,405,384,357,357,401,411,436,484,479,488,453,437,431,526,562,574,582,618,657,665,624,513,523,507,377,423,478,505,544,557,550,557,553,570,580,596,610,621,652,671,688,700,724,727,716,707,687,670,638,592,564,509,462,457,452,462,469,474,480,505,501,505,493,489,492,507,517,527,513,518,475,459,450,436,430,443,450,437,430,427,412,404,398,398,389,384,390,387
393,423,445,474,486,497,476,499,496,473,475,464,462,437,420,435,414,389,301,226,204,208,310,400,401,380,352,354,397,407,432,479,474,483,448,433,427,530,559,571,580,615,653,660,620,510,519,503,374,421,475,502,541,554,546,554,550,566,576,592,606,617,648,667,685,697,720,724,712,704,684,667,636,590,562,507,461,455,450,461,468,472,478,503,500,504,491,488,490,506,515,526,512,517,473,458,449,435,429,442,449,436,429,426,411,403,397,397,388,383,389
379,390,419,440,469,481,485,476,494,492,469,470,460,457,432,416,430,409,385,299,224,202,206,307,395,396,375,349,350,393,403,427,474,469,476,444,429,431,527,556,568,576,611,649,655,615,506,514,499,371,418,472,499,537,550,543,550,546,562,572,589,602,614,645,664,682,694,717,721,709,701,681,664,633,587,560,505,459,454,448,459,466,471,477,501,498,502,490,486,489,504,514,524,510,515,472,457,448,433,428,441,448,435,428,425,410,402,397,396,388,383
353,376,385,414,435,463,468,485,472,489,486,464,465,455,452,427,412,425,405,382,295,221,199,203,303,390,391,371,344,346,389,399,422,468,463,471,439,429,427,523,552,564,572,607,643,650,610,501,510,495,368,414,469,495,533,546,539,546,542,558,568,585,599,610,641,660,678,690,713,717,705,698,677,661,630,585,557,503,457,452,447,457,464,469,475,499,496,500,488,484,487,502,512,522,508,513,471,455,446,432,427,439,446,434,427,424,409,401,395,395,386
336,349,372,381,409,430,451,468,480,466,483,478,458,459,449,446,422,406,419,400,377,292,219,197,200,299,385,386,366,340,342,384,394,417,462,457,466,439,426,424,518,547,559,568,601,638,644,605,496,505,490,365,411,465,491,529,542,535,542,538,554,564,581,595,606,637,656,674,686,709,713,701,694,674,657,626,582,554,501,455,449,444,455,462,466,473,497,494,498,486,482,485,500,510,520,506,511,469,453,445,430,425,438,445,432,425,422,408,400,394,394
327,332,345,367,375,403,417,450,461,473,459,475,471,452,452,442,440,416,400,414,395,372,288,216,194,197,294,380,381,361,336,337,379,389,411,456,451,465,435,422,420,513,542,554,562,596,632,638,599,492,501,486,362,408,461,487,524,537,530,537,533,549,560,577,590,602,633,652,669,681,704,708,697,689,670,653,623,578,551,498,452,447,442,453,460,464,470,495,491,496,484,480,483,498,508,518,504,509,467,452,443,429,424,436,443,431,424,421,406,399,393
315,323,326,339,361,369,391,415,443,454,465,451,468,464,445,445,435,433,409,394,408,389,367,284,213,190,194,290,374,375,356,331,333,373,383,405,450,451,459,431,418,416,508,537,548,557,590,625,631,593,487,496,481,358,404,457,483,520,532,525,533,529,545,556,572,586,598,628,647,665,677,699,704,692,685,665,649,619,575,548,495,450,445,440,450,457,462,468,492,489,493,481,478,480,496,505,516,502,507,465,450,441,427,422,434,441,429,422,419,405,397
314,310,318,321,334,355,358,388,408,435,446,457,443,459,455,437,437,427,426,402,388,401,383,361,279,209,187,191,285,368,369,350,325,327,367,377,399,448,445,454,426,413,411,502,531,542,551,583,618,625,587,482,491,476,355,400,452,478,515,527,520,528,524,540,551,568,581,593,623,642,660,672,694,698,688,680,661,645,615,571,545,492,447,442,437,448,454,459,465,489,486,491,479,475,478,493,503,513,500,505,463,448,439,425,420,433,439,427,420,418,403
302,309,303,312,315,327,343,355,381,400,426,438,448,434,450,446,428,428,419,417,394,381,394,375,354,273,205,184,187,280,361,363,344,319,322,361,370,398,441,439,448,420,407,405,494,523,534,544,576,611,617,580,477,485,471,350,395,447,472,509,521,515,522,519,535,546,562,576,588,618,636,654,666,688,693,682,675,656,640,610,567,541,488,444,439,434,445,451,456,462,486,483,487,476,472,475,490,500,510,497,502,460,445,437,423,418,430,437,425,418,415
298,296,303,297,306,309,316,340,348,373,391,417,428,438,425,441,436,419,419,410,406,386,373,386,368,347,268,201,180,184,275,354,356,338,313,315,355,369,392,435,433,441,413,401,398,487,515,526,536,568,603,610,573,471,479,465,346,390,441,467,503,516,509,517,514,530,540,557,570,582,612,630,648,660,682,687,676,669,650,635,605,562,536,484,440,435,431,441,448,453,459,483,480,484,472,469,472,487,497,507,494,499,457,442,434,420,415,428,435,423,416
293,293,289,296,291,299,297,312,333,339,364,382,407,418,427,415,430,426,409,409,399,397,377,364,377,360,339,262,197,176,180,269,347,348,331,307,309,351,363,385,428,425,433,406,394,391,479,507,518,528,560,595,601,566,464,472,459,341,384,436,461,497,510,504,511,508,524,534,551,564,576,606,624,642,654,676,680,670,663,644,629,600,557,532,480,437,432,427,438,444,449,455,479,476,481,469,466,469,484,493,504,490,495,454,439,431,418,413,425,432,420
284,285,286,282,289,284,288,293,305,324,330,354,372,395,406,416,403,419,414,397,398,389,387,368,355,367,351,331,256,192,172,175,263,339,340,323,300,306,345,356,379,420,418,425,399,387,384,470,498,510,520,552,586,593,557,458,465,452,336,379,430,455,491,503,497,505,502,518,528,545,558,570,599,618,635,647,669,674,664,657,638,623,595,552,527,476,433,428,424,434,441,445,452,475,472,477,465,462,465,480,490,500,487,492,451,436,428,415,410,422,429
270,278,277,278,275,282,272,283,286,297,314,322,344,361,382,394,404,392,407,402,386,387,378,376,358,346,358,342,323,249,187,168,171,256,330,332,316,297,300,338,350,371,411,409,417,391,379,376,461,489,501,512,543,577,583,549,451,458,445,331,374,424,449,485,497,491,499,496,511,522,538,552,563,592,611,628,640,662,667,657,650,632,617,589,547,522,472,429,424,420,430,437,442,448,471,469,473,462,459,461,476,486,496,483,488,448,433,425,412,407,420
264,263,271,270,271,267,270,267,275,277,287,305,312,333,350,370,381,391,378,393,389,373,375,366,365,347,335,347,332,314,242,182,163,166,249,322,324,312,290,293,330,342,363,402,400,407,382,370,368,452,480,492,503,534,567,573,540,443,451,438,326,368,418,442,478,490,484,492,489,505,515,531,545,556,585,604,621,633,655,659,649,643,625,611,583,542,517,467,424,420,416,426,433,438,444,467,464,469,458,455,458,472,482,492,479,485,444,430,422,409,404
251,257,255,263,261,262,255,264,259,266,267,278,294,301,320,338,357,368,377,364,380,376,361,362,354,352,335,325,337,322,304,235,176,158,161,242,313,318,304,283,286,322,334,354,393,390,397,373,362,360,442,470,483,493,524,556,563,530,435,443,431,320,362,411,436,470,482,477,485,482,498,508,524,538,549,578,596,613,625,647,651,642,636,618,604,576,536,511,462,420,416,411,422,428,433,439,463,460,465,454,451,454,468,478,488,475,481,441,427,419,406
238,244,248,246,254,252,249,248,255,249,256,258,267,283,289,308,324,343,353,361,353,365,361,347,349,340,339,324,314,325,312,295,227,171,153,156,235,305,309,296,275,278,314,325,345,382,380,387,363,353,351,432,460,473,483,514,546,552,520,427,435,423,315,356,404,429,463,475,470,477,475,490,501,517,530,541,570,588,605,617,639,643,634,628,611,597,570,529,505,457,415,411,407,417,424,429,435,458,456,460,449,446,449,464,474,484,471,476,437,423,415
230,229,236,239,237,244,239,242,239,245,239,247,248,256,270,277,295,310,327,336,345,338,350,346,333,334,326,327,312,302,313,300,284,220,165,148,151,228,296,300,287,267,270,305,316,336,371,370,377,354,344,343,422,449,462,473,503,535,541,510,419,427,416,309,350,397,421,455,467,462,470,467,483,493,509,522,533,562,580,597,608,630,635,626,620,603,589,563,523,499,451,410,406,402,413,419,424,430,453,451,455,445,442,445,460,469,479,467,472,433,419
218,222,219,226,229,227,231,231,233,229,234,229,236,237,244,258,264,281,294,310,321,329,322,333,330,317,319,312,313,299,290,301,289,273,211,159,143,145,220,286,290,278,259,262,296,307,326,360,359,366,344,335,334,411,439,451,462,492,523,529,499,410,418,407,303,343,390,413,447,458,454,461,459,474,485,501,514,525,553,571,588,599,621,626,617,611,595,581,555,516,493,445,405,401,397,408,414,419,425,448,446,450,440,437,440,455,464,474,462,467,429
209,208,212,209,216,219,214,222,221,222,218,224,218,224,225,232,245,250,266,278,293,304,312,305,317,313,301,304,297,298,285,277,288,276,262,203,152,138,140,212,275,280,268,250,253,286,297,315,348,347,355,334,325,325,400,427,440,451,481,511,517,488,401,409,399,296,336,382,405,438,450,445,453,451,466,476,492,505,516,544,561,578,590,611,616,607,602,586,573,547,509,486,439,400,396,392,402,409,414,420,443,440,445,435,432,435,450,459,469,457,463
201,198,198,201,199,205,205,205,211,210,210,207,212,207,212,212,219,232,236,250,261,276,287,294,289,299,296,286,288,282,283,271,264,275,264,251,194,147,132,134,203,264,269,258,241,244,276,287,304,337,336,343,324,315,315,389,416,429,440,468,498,504,476,391,399,389,289,328,373,396,428,440,436,443,442,457,467,482,495,507,534,551,568,580,601,606,597,592,577,564,539,501,478,433,394,390,386,397,403,408,414,437,435,439,429,427,430,444,454,464,452
190,190,187,187,191,188,191,195,194,200,197,199,195,200,194,199,200,206,217,220,234,244,259,269,276,271,281,279,269,272,266,268,257,250,261,251,238,186,140,127,128,195,253,258,248,231,234,266,276,293,325,324,332,312,305,305,377,404,416,427,455,484,491,463,381,389,379,282,320,364,387,418,430,426,434,432,447,457,472,485,496,523,541,557,569,589,594,587,582,566,554,529,492,471,426,387,384,380,390,397,402,408,430,428,433,423,421,424,438,448,458
176,179,179,176,176,179,174,181,184,182,187,186,187,183,187,182,187,187,192,202,205,218,228,241,251,257,253,263,261,253,255,250,252,242,237,246,237,228,176,133,120,122,186,241,246,237,221,224,255,265,282,312,311,319,301,295,295,365,391,403,414,441,470,476,450,370,378,369,274,311,354,377,408,419,415,423,422,436,446,461,474,485,512,529,545,557,577,582,575,570,555,543,519,483,462,418,380,377,374,384,390,395,401,423,422,426,417,414,418,432,441
164,165,167,166,164,164,165,163,169,171,169,175,173,174,169,174,169,174,173,177,185,190,202,211,224,232,238,236,245,244,235,238,234,236,227,222,232,226,216,167,126,114,116,176,230,234,225,211,214,244,254,271,299,299,307,291,284,285,352,377,389,400,426,454,461,436,358,366,358,266,302,344,366,396,407,404,412,411,425,435,450,463,473,500,516,532,544,564,569,562,558,544,532,509,473,453,410,373,370,367,376,383,388,394,416,414,419,410,407,411,425
147,152,154,154,154,152,150,154,152,156,158,158,162,160,160,157,161,156,160,158,162,171,174,186,194,205,214,220,218,227,226,218,221,217,220,212,208,219,212,203,158,119,108,109,167,217,221,214,200,204,232,243,259,286,286,294,279,273,273,338,363,375,385,411,438,445,421,346,354,346,257,292,333,354,384,395,392,400,399,413,423,437,450,461,486,503,519,530,550,556,549,545,531,520,497,463,443,401,365,362,359,369,375,380,386,408,406,411,402,400,403
127,136,139,141,141,142,138,139,142,139,143,146,145,149,147,147,144,148,143,145,144,148,156,159,170,177,188,197,202,200,208,208,201,204,201,203,197,194,204,199,191,147,112,101,103,157,204,209,202,190,194,221,231,246,272,272,281,266,261,262,324,347,359,369,394,421,427,404,333,341,333,248,282,322,342,371,382,379,387,386,400,410,424,436,447,472,489,504,516,535,541,534,530,517,506,484,451,432,391,356,353,351,360,367,372,378,399,398,402,394,392
109,117,124,126,128,129,127,127,126,129,126,131,133,132,134,134,134,131,134,129,132,130,134,141,144,153,160,171,179,184,182,190,189,184,187,184,187,183,180,189,184,178,138,104,95,96,147,191,196,190,179,184,209,219,234,258,259,267,254,248,249,309,331,343,353,377,402,409,388,319,327,320,238,271,309,329,357,368,365,373,372,386,396,410,422,433,457,473,488,500,519,524,518,515,502,492,471,439,420,380,347,344,341,351,358,363,369,389,388,393,385
94,99,106,112,113,115,115,115,115,114,116,115,118,120,118,121,121,121,117,120,115,119,117,120,126,129,138,145,154,161,166,165,172,172,167,170,168,172,168,166,174,170,165,127,97,88,90,137,179,184,178,169,173,197,207,221,244,245,253,240,235,236,293,315,326,336,359,384,390,370,305,312,306,228,259,296,316,343,353,351,358,358,371,381,395,407,417,441,457,472,483,501,507,501,498,486,476,456,425,407,369,337,334,332,341,348,353,359,379,378,383
71,85,88,94,99,102,101,104,103,103,101,105,103,105,107,106,108,108,107,104,107,103,106,104,107,112,115,123,129,138,144,148,148,155,155,150,154,154,157,153,151,159,157,151,118,89,81,83,127,166,171,167,158,162,185,194,208,230,230,238,226,222,223,277,298,309,318,340,364,370,351,290,297,291,217,247,283,301,327,338,336,343,343,356,365,379,390,400,424,439,454,465,483,488,483,481,469,460,441,411,394,357,326,323,321,330,337,342,348,368,367
67,63,76,77,84,88,88,90,92,91,91,92,92,90,94,94,93,96,95,94,92,94,91,93,92,94,99,102,109,114,122,128,132,132,138,138,134,140,139,142,138,137,145,143,138,107,82,74,76,117,153,158,155,146,151,173,182,194,215,216,223,212,208,209,260,280,291,300,321,343,350,332,274,281,276,206,235,268,286,311,321,320,327,327,339,349,362,373,383,405,420,435,445,463,469,464,462,451,442,424,396,379,344,314,312,310,319,325,330,336,356
54,59,54,65,67,72,76,77,78,80,79,80,80,80,79,82,82,82,83,82,81,80,82,79,81,80,82,87,89,96,100,107,112,116,116,122,122,121,125,124,126,124,124,131,129,125,97,75,68,70,107,141,146,142,135,140,160,169,180,199,200,207,198,194,195,243,262,272,281,301,322,329,312,258,265,260,194,221,253,271,294,304,303,310,310,322,331,344,355,365,386,401,414,425,442,448,444,442,432,424,406,379,364,330,301,300,298,307,313,318,324
42,47,50,46,57,57,60,66,67,67,68,68,68,69,69,68,70,71,70,71,71,69,69,70,68,69,69,71,75,77,83,86,93,97,101,101,106,108,107,111,110,112,110,110,117,116,112,88,67,61,63,97,128,133,131,124,129,147,155,166,184,185,192,183,180,181,226,243,253,261,281,301,307,292,241,248,243,182,208,238,254,277,286,285,292,293,304,313,325,336,345,366,380,393,403,420,426,422,420,411,404,387,362,347,315,288,286,285,294,300,305
33,36,39,42,39,47,47,51,56,56,56,58,58,58,59,59,57,60,60,59,60,61,59,59,60,58,59,59,60,64,65,71,74,79,84,87,87,93,94,93,96,96,98,97,98,104,103,100,78,60,55,57,88,116,121,118,113,118,135,142,152,168,170,176,168,165,167,208,224,233,242,260,278,284,271,224,230,226,169,193,222,237,259,268,267,273,274,285,294,305,316,325,345,358,371,381,397,402,399,398,389,383,367,343,330,299,274,272,271,280,286
27,28,30,32,36,32,39,39,43,47,46,48,48,48,49,49,49,48,50,50,49,51,51,49,50,50,48,50,49,51,54,55,60,62,67,71,73,75,80,81,80,83,84,85,85,85,91,90,89,69,54,49,51,78,104,108,107,102,106,122,128,138,153,154,160,153,151,152,190,205,214,221,238,256,261,249,206,212,209,156,179,205,220,240,248,248,254,255,266,274,285,295,303,322,335,347,357,372,378,375,374,366,360,346,324,311,283,259,257,256,265
19,22,23,24,26,29,25,32,31,35,38,39,39,40,40,40,41,41,39,41,41,40,42,42,41,41,41,40,41,41,42,45,46,50,52,56,60,63,64,67,68,68,71,72,73,74,74,79,79,77,61,47,43,45,69,92,96,95,91,95,109,115,123,137,138,144,138,136,137,172,186,194,201,216,232,238,227,188,194,191,143,164,188,202,220,228,228,234,235,245,253,263,273,281,299,311,323,332,346,352,349,349,342,336,324,303,291,265,242,242,241
15,16,18,18,19,21,23,20,26,25,27,31,31,31,32,32,32,33,32,31,33,33,33,34,34,33,33,34,33,34,34,35,37,38,41,43,47,50,53,53,56,57,58,60,61,62,63,63,68,68,67,53,41,38,39,61,81,85,84,80,84,96,102,109,121,123,128,123,121,123,154,166,174,180,194,209,214,205,170,175,173,130,149,171,183,201,208,208,214,215,224,232,242,250,258,275,286,297,306,319,325,323,323,316,312,300,281,270,246,225,225
11,12,12,14,14,15,16,18,16,20,19,23,24,24,25,26,25,26,26,25,26,27,27,26,27,27,26,27,27,27,27,27,28,29,30,34,35,38,41,43,44,46,48,48,50,51,52,53,53,57,57,57,45,35,33,34,53,70,73,73,70,73,84,89,96,107,108,113,108,107,108,136,147,154,160,173,186,191,183,152,157,155,116,134,154,165,181,188,188,193,195,203,210,219,228,235,250,261,271,279,292,297,296,296,291,286,276,259,249,227,208
7,8,9,10,11,10,11,12,14,12,15,16,17,18,19,20,20,20,20,20,20,20,21,21,20,21,21,21,21,21,21,21,22,22,23,24,27,28,31,33,35,35,38,39,40,41,42,43,44,45,48,48,48,38,30,28,29,45,60,63,63,60,63,72,77,83,93,94,98,94,93,95,119,129,135,141,152,164,169,162,135,139,138,103,119,137,147,162,168,168,173,175,183,189,198,205,212,226,236,245,253,265,270,269,269,265,261,252,236,228,208
5,6,6,6,6,8,7,8,9,11,9,12,12,13,14,15,15,16,15,15,16,15,15,16,16,16,16,16,16,17,17,17,17,17,17,18,19,21,22,25,26,28,28,31,31,32,34,34,35,36,37,40,40,40,32,25,23,25,38,51,53,53,51,54,62,66,71,79,81,84,81,81,82,103,112,118,123,133,143,148,142,118,122,121,91,105,121,130,143,149,149,154,155,163,168,176,183,189,202,211,220,227,238,243,242,243,239,236,227,214,206
0,0,0,0,0,0,0,0,0,0,0,5,7,7,10,11,11,11,11,11,11,12,11,12,12,12,12,12,12,13,13,13,13,13,13,13,14,15,16,17,19,21,22,22,24,25,25,27,27,28,29,30,32,32,33,26,21,19,20,31,42,45,44,43,45,52,55,60,67,68,72,69,69,70,88,96,101,105,114,123,127,122,102,106,105,79,91,105,113,125,130,131,135,136,143,148,155,161,167,179,187,195,201,211,216,215,216,213,210,203,191
0,0,0,0,0,0,0,0,0,0,0,4,4,5,6,7,8,8,8,8,8,8,9,8,9,9,9,9,9,9,10,10,10,10,10,10,10,11,11,12,13,15,16,17,17,19,19,20,21,20,22,23,23,25,25,26,21,17,15,16,26,35,37,36,35,37,43,46,50,56,57,60,58,57,59,74,81,85,89,96,105,108,104,87,90,89,67,78,90,97,107,112,113,116,118,124,128,134,140,145,156,163,170,176,185,189,189,190,187,185,179
0,0,0,0,0,0,0,0,0,0,0,3,3,2,5,5,5,6,6,5,6,6,6,6,6,6,6,6,6,7,7,7,7,7,7,7,7,7,8,8,9,10,12,12,13,13,15,15,16,16,15,17,18,18,20,20,20,16,13,12,13,20,28,29,29,28,30,35,37,40,45,46,49,47,47,48,61,67,70,74,80,87,90,87,73,75,75,57,66,76,82,91,95,95,99,100,105,109,115,120,125,133,140,146,152,160,163,163,164,162,161
0,0,0,0,0,0,0,0,0,0,0,2,2,2,2,3,3,4,4,4,4,4,4,4,4,4,4,5,4,5,5,5,5,5,5,5,5,5,5,6,6,6,7,9,9,10,10,11,11,12,12,12,13,13,14,15,15,16,13,10,9,10,16,22,23,23,22,24,28,30,32,36,37,39,38,38,39,49,54,57,60,65,71,74,71,60,62,62,47,54,63,68,75,79,80,82,84,88,92,97,101,105,113,118,124,129,135,139,139,140,138
0,0,0,0,0,0,0,0,0,0,0,1,1,1,2,1,2,2,2,3,3,3,3,2,3,3,3,3,3,3,3,3,4,4,4,4,4,3,4,4,4,4,5,5,7,7,7,8,8,9,9,9,9,10,11,11,12,12,12,10,8,7,8,12,17,18,18,17,18,21,23,25,28,29,31,30,30,31,39,43,45,48,52,57,59,57,48,50,50,38,44,51,56,61,64,65,68,69,73,76,80,83,87,93,98,103,107,113,116,116,117
0,0,0,0,0,0,0,0,0,0,0,0,0,0,0,0,0,0,0,0,0,0,0,0,0,0,0,0,0,0,0,0,0,0,0,0,0,0,0,0,0,0,0,0,0,0,0,0,0,0,0,7,7,7,8,8,9,9,8,9,7,6,5,6,9,13,13,13,13,14,16,18,19,22,22,24,23,23,24,30,34,36,37,41,45,47,45,38,40,40,30,35,41,44,49,52,52,55,56,59,61,65,68,71,76,80,84,88,93,95,96
0,0,0,0,0,0,0,0,0,0,0,0,0,0,0,0,0,0,0,0,0,0,0,0,0,0,0,0,0,0,0,0,0,0,0,0,0,0,0,0,0,0,0,0,0,0,0,0,0,0,0,5,6,6,5,6,6,7,5,6,7,5,4,4,4,7,9,10,10,10,10,12,13,14,16,17,18,17,18,18,23,26,27,29,32,35,36,35,29,31,31,23,27,32,35,39,41,41,43,44,46,49,51,54,57,61,64,68,71,75,77
0,0,0,0,0,0,0,0,0,0,0,0,0,0,0,0,0,0,0,0,0,0,0,0,0,0,0,0,0,0,0,0,0,0,0,0,0,0,0,0,0,0,0,0,0,0,0,0,0,0,0,4,4,5,5,4,5,5,3,4,4,5,4,3,3,3,5,7,7,7,7,8,9,10,11,12,12,13,13,13,14,17,19,20,22,24,26,27,26,22,23,24,18,21,25,27,30,31,32,33,34,36,38,40,42,44,48,51,53,56,59
0,0,0,0,0,0,0,0,0,0,0,0,0,0,0,0,0,0,0,0,0,0,0,0,0,0,0,0,0,0,0,0,0,0,0,0,0,0,0,0,0,0,0,0,0,0,0,0,0,0,0,3,4,4,4,4,4,4,2,2,3,3,3,2,2,2,2,3,5,5,5,5,5,6,7,8,9,9,10,9,9,10,13,14,15,16,17,19,20,20,17,17,18,13,16,18,20,22,24,24,25,26,27,29,31,32,34,37,39,41,43
0,0,0,0,0,0,0,0,0,0,0,0,0,0,0,0,0,0,0,0,0,0,0,0,0,0,0,0,0,0,0,0,0,0,0,0,0,0,0,0,0,0,0,0,0,0,0,0,0,0,0,3,3,3,3,3,3,3,1,1,1,2,2,2,2,1,1,1,2,3,3,3,3,4,4,5,5,6,6,7,7,7,7,9,10,11,11,12,14,14,14,12,13,13,10,11,13,15,16,17,18,19,19,20,21,23,24,25,28,29,31]
