512,513,514,512,520,521,532,549,555,587,598,623,626,645,646,631,630,607,581,546,496,484,431,391,386,373,384,387,390,395,419,416,416,400,393,395,413,418,434,430,443,406,396,389,374,373,387,395,382,375,374,358,350,344,343,334,327,333,333,323,321,320,320,320,321,322,322,322,322,321,321,318,315,312,308,304,299,295,290,286,282,279,275,272,269,266,263,261,258,256,254,252,251,250,249,248,247,246,245,245,244,243,242,240,239,237,235,233,231,228,226
492,507,509,511,509,517,513,532,547,552,584,595,620,624,643,645,628,625,605,580,541,496,483,430,390,382,370,382,387,390,396,419,415,414,398,393,396,411,422,441,436,446,411,399,391,377,375,388,395,384,376,376,359,352,346,345,335,329,335,333,322,321,320,320,321,321,322,322,322,322,322,321,318,315,312,308,304,299,295,290,286,283,279,276,273,269,266,264,261,258,256,254,253,251,250,249,248,247,246,246,245,244,243,242,240,239,237,235,233,231,229
459,495,506,508,510,508,512,517,532,547,551,583,595,620,624,643,644,626,625,606,577,544,497,484,431,389,381,369,383,388,391,396,418,413,412,398,394,396,416,429,447,441,452,414,401,393,379,376,388,396,385,377,377,361,353,346,345,336,329,335,333,322,321,320,320,321,321,322,322,322,322,322,321,319,316,312,308,304,300,295,291,287,283,279,276,273,270,267,264,261,259,257,255,253,252,250,249,248,248,247,246,245,244,243,242,241,239,237,236,234,231
439,463,495,506,508,510,504,516,518,532,546,549,583,595,621,624,644,643,627,627,601,580,547,500,487,431,388,381,371,384,389,392,396,417,411,412,400,394,400,423,434,452,447,456,416,404,395,379,375,389,397,386,378,379,361,353,346,345,336,329,334,333,322,321,321,321,321,321,322,323,323,323,322,321,319,316,313,309,304,300,295,291,287,283,280,276,273,270,267,264,261,259,257,255,253,252,251,250,249,248,247,246,246,245,244,242,241,240,238,236,234
387,439,462,495,505,508,506,508,517,518,533,541,549,583,596,622,625,643,644,629,622,604,583,549,503,487,431,389,382,372,386,390,392,394,415,412,414,400,398,407,428,440,458,450,458,419,406,396,379,377,389,398,387,378,379,361,353,346,345,335,329,334,333,323,321,321,321,321,322,322,323,323,323,322,322,319,316,313,309,305,300,296,291,287,283,280,277,273,270,267,264,262,259,257,255,254,252,251,250,249,248,247,247,246,245,244,243,241,240,238,236
369,392,438,461,494,505,504,510,509,518,518,529,542,550,584,597,622,624,644,646,627,625,606,585,552,503,487,432,390,384,374,386,389,390,392,415,413,412,404,405,413,433,446,462,453,461,421,406,396,381,377,390,399,387,379,379,361,352,345,345,335,329,335,333,323,322,321,321,321,322,323,323,323,323,323,322,319,317,313,309,305,301,296,292,288,284,280,277,274,271,268,265,262,260,257,256,254,253,251,250,249,249,248,247,246,245,244,243,242,240,238
492,358,392,439,462,495,502,508,512,509,518,515,530,542,551,585,597,622,625,645,643,630,626,607,586,551,501,485,431,390,384,374,384,387,387,391,415,411,415,410,411,418,439,449,464,456,463,421,406,397,381,378,391,399,387,378,378,360,351,345,344,335,329,335,333,323,322,321,321,322,322,323,323,324,323,323,322,320,317,313,310,305,301,296,292,288,284,281,277,274,271,268,265,262,260,258,256,254,253,252,251,250,249,248,247,246,246,245,243,242,240
500,490,357,392,438,461,490,506,510,512,510,514,515,530,543,551,585,597,623,626,642,646,631,628,608,585,549,500,484,431,391,383,371,381,383,386,392,414,414,421,415,415,423,442,452,467,458,463,421,407,397,382,379,391,399,386,377,378,360,351,345,344,335,329,335,333,323,322,322,322,322,323,323,324,324,324,323,323,320,317,314,310,306,301,297,292,288,284,281,278,274,271,268,265,263,260,258,256,255,253,252,251,250,249,248,248,247,246,245,244,242
507,502,488,356,392,438,457,495,507,510,512,504,514,515,531,543,552,585,598,624,621,644,647,633,630,608,585,550,501,487,433,392,382,370,379,383,387,390,418,420,426,419,420,427,445,455,469,458,463,422,407,398,383,379,391,399,386,377,377,359,351,345,344,336,329,335,333,323,322,322,322,322,323,323,324,324,324,324,323,320,317,314,310,306,302,297,293,288,285,281,278,275,272,269,266,263,261,258,256,255,253,252,251,250,249,249,248,247,246,245,244
606,492,503,487,356,391,434,461,496,507,510,508,505,515,516,532,544,552,586,600,620,624,646,650,635,630,608,585,552,504,489,435,391,381,367,379,385,385,394,423,426,431,424,424,430,449,458,470,458,464,423,409,399,383,380,391,398,386,377,377,359,351,345,345,336,329,335,334,324,323,322,322,323,323,324,324,325,324,324,323,321,318,314,311,306,302,297,293,289,285,281,278,275,272,269,266,263,261,259,257,255,254,253,252,251,250,249,248,247,247,245
663,612,494,506,491,357,388,438,462,496,507,505,508,505,515,517,533,544,553,588,600,623,625,648,652,636,630,608,587,554,507,491,435,390,379,367,380,383,389,400,429,431,436,428,428,433,451,459,470,460,465,424,410,399,384,380,391,398,385,376,377,359,351,345,345,336,330,336,334,324,323,322,322,323,323,324,325,325,325,324,323,321,318,315,311,307,302,298,293,289,285,282,278,275,272,269,266,264,261,259,257,255,254,253,252,251,250,249,249,248,247
653,662,608,496,504,488,354,391,439,462,496,508,506,509,505,516,518,533,546,555,584,603,625,628,650,652,636,631,610,589,558,510,491,434,388,379,369,378,386,394,405,433,436,440,432,431,436,452,459,472,461,466,425,411,400,384,380,391,398,385,376,377,359,351,346,345,336,330,336,334,324,323,323,323,323,324,324,325,325,325,325,324,321,318,315,311,307,302,298,294,289,286,282,279,276,273,270,267,264,261,259,257,256,254,253,252,251,250,250,249,248
615,656,660,608,494,503,485,357,392,439,462,495,508,506,508,506,517,518,534,547,554,587,605,627,630,650,653,637,633,612,592,560,510,490,432,388,381,366,381,391,399,409,438,439,443,435,434,437,453,461,473,462,468,426,411,400,384,380,391,398,385,376,377,359,351,346,345,337,330,336,334,325,323,323,323,323,324,325,325,325,325,325,324,322,319,315,311,307,303,298,294,290,286,282,279,276,273,270,267,264,262,260,258,256,255,254,252,252,251,250,249
583,614,657,657,606,495,499,488,357,392,439,461,495,509,503,509,507,518,519,536,546,557,589,607,628,630,651,653,639,635,615,594,559,509,488,432,390,376,369,386,396,403,414,442,442,446,438,435,437,455,462,475,464,469,427,411,400,384,380,390,397,385,376,377,360,352,346,346,337,330,336,335,325,324,323,323,324,324,325,326,326,326,325,324,322,319,316,312,308,303,299,294,290,286,283,279,276,273,270,267,265,262,260,258,256,255,254,253,252,251,250
583,584,619,657,661,609,492,503,489,358,392,439,462,496,508,505,510,508,519,521,534,549,559,591,609,628,630,652,655,641,638,616,594,558,507,488,433,385,379,374,391,401,408,418,445,446,449,439,436,439,456,464,476,465,469,427,411,400,384,379,390,397,385,376,378,360,352,346,346,337,331,337,335,325,324,324,324,324,325,325,326,326,326,325,325,322,319,316,312,308,303,299,294,290,287,283,280,277,273,270,268,265,262,260,258,257,255,254,253,252,251
579,584,584,620,660,661,605,495,504,489,358,394,440,463,495,510,506,510,509,522,521,538,552,563,593,609,629,631,653,658,645,642,617,593,557,508,490,432,389,385,380,396,406,412,421,449,449,451,440,438,441,458,466,477,466,470,427,411,400,385,380,392,399,387,378,379,361,353,348,347,339,332,338,337,327,326,325,325,326,326,327,327,328,327,327,326,324,321,317,314,309,305,300,296,292,288,285,281,278,275,272,269,266,264,262,260,258,257,256,255,254
536,577,587,583,619,658,656,608,496,504,490,357,395,441,461,497,511,507,513,513,527,525,542,556,565,593,610,630,633,656,662,647,641,616,591,557,509,488,435,394,390,385,402,410,416,425,452,451,452,442,440,444,460,467,478,466,470,428,412,401,386,382,393,400,388,380,381,363,355,349,349,340,334,340,338,328,327,327,327,327,328,328,329,329,329,329,328,325,322,319,315,311,307,302,298,293,290,286,283,280,277,274,271,268,266,263,261,260,258,257,256
443,551,578,588,583,619,653,659,609,496,505,490,358,396,441,464,499,512,509,517,515,532,530,547,558,564,594,612,632,636,660,665,647,640,614,592,558,514,491,440,399,396,391,406,414,420,429,455,453,454,444,442,446,462,469,479,467,471,428,413,402,387,383,394,402,390,381,382,365,357,351,350,342,335,341,340,330,329,328,328,329,329,330,331,331,331,330,329,327,324,321,317,313,308,304,299,295,291,288,284,281,278,275,272,270,267,265,263,261,260,259
453,444,549,576,585,585,614,655,659,609,497,503,492,361,397,446,469,500,518,519,522,522,539,538,550,558,566,596,615,636,641,663,665,647,640,616,594,564,519,499,448,407,404,397,412,420,425,432,458,457,458,449,447,449,465,471,481,469,472,429,414,403,389,384,396,403,391,383,384,366,358,352,352,343,337,343,341,331,330,330,330,330,331,332,332,332,332,332,331,328,326,322,318,314,310,305,301,297,293,289,286,283,280,277,274,271,269,267,265,263,262
470,454,445,550,579,587,579,614,655,659,610,490,506,496,361,403,451,469,507,530,520,531,532,550,542,551,559,569,600,620,641,644,664,666,648,642,620,601,572,530,509,457,418,413,405,420,427,431,438,465,464,467,457,453,455,470,475,485,472,473,430,415,405,390,386,398,405,393,384,385,368,360,354,353,345,338,344,343,333,332,331,331,332,332,333,334,334,334,333,332,330,327,324,320,316,311,307,302,298,294,291,288,284,281,278,275,273,270,268,266,265
509,469,454,448,553,579,581,575,614,655,660,602,493,509,497,366,408,451,476,518,528,529,541,542,554,543,553,563,572,604,625,644,645,665,667,651,646,626,609,583,540,519,470,427,421,413,428,434,438,446,473,473,475,464,460,461,475,480,490,474,476,434,419,409,395,391,402,410,397,389,390,372,364,358,358,349,343,349,347,337,336,336,336,336,337,338,338,338,338,338,337,334,332,328,324,320,316,311,307,303,299,295,292,289,286,283,280,277,275,273,271
504,511,467,453,444,550,572,572,575,614,656,645,605,496,510,501,370,407,456,486,513,536,536,550,544,553,543,555,564,574,607,627,644,645,665,668,654,648,633,619,592,549,530,478,434,429,421,433,439,444,453,482,481,482,470,466,466,480,484,492,477,480,438,424,414,400,395,407,414,402,393,394,377,369,363,362,354,347,353,352,342,341,340,340,341,341,342,343,343,343,342,341,339,336,333,329,325,320,316,311,307,303,300,297,293,290,287,284,282,279,277
510,503,510,467,454,446,544,559,573,575,615,639,648,607,495,514,504,368,411,465,480,521,544,543,552,543,553,545,556,567,578,609,627,643,645,667,672,653,655,643,627,600,560,538,484,441,435,426,438,446,452,462,489,487,487,476,470,471,483,486,495,481,484,442,428,419,404,400,412,419,407,398,399,381,373,367,367,358,352,358,356,346,345,345,345,345,346,346,347,347,347,347,346,343,340,337,333,329,325,320,316,312,308,304,301,298,295,292,289,286,284
501,514,503,511,467,454,441,531,559,572,575,601,642,650,608,499,516,502,372,419,460,487,527,552,544,550,542,554,546,559,569,579,608,626,643,646,670,669,660,665,650,635,610,567,543,491,447,439,430,444,453,460,469,495,493,493,480,474,473,485,489,499,485,488,447,433,423,409,405,416,423,411,402,403,385,377,372,371,362,356,362,361,351,350,349,349,350,350,351,351,352,352,351,350,348,345,342,338,334,329,325,320,316,312,309,305,302,299,296,293,291
522,499,512,503,511,466,449,431,531,559,573,566,604,644,649,611,501,514,505,378,413,466,494,533,553,542,548,543,555,548,561,570,579,607,626,644,649,667,676,669,672,657,644,616,571,549,496,450,443,435,450,460,466,475,500,497,496,483,475,475,488,493,503,489,493,452,438,428,414,409,421,428,415,407,408,390,382,376,376,367,361,367,365,355,354,354,354,354,355,355,356,356,356,356,355,352,349,346,342,338,334,329,325,321,317,313,310,307,304,301,298
551,522,498,512,501,509,462,441,432,531,559,568,569,606,643,652,612,498,516,510,374,418,471,499,534,550,540,548,543,556,551,562,570,578,607,627,647,649,673,685,676,677,665,650,619,576,553,498,452,447,440,456,465,471,477,503,499,498,482,475,476,489,494,504,491,495,454,439,430,416,411,422,430,417,408,409,392,384,378,378,369,362,368,367,357,356,355,356,356,357,357,358,358,358,357,357,354,351,348,344,340,335,331,327,322,319,315,312,309,306,303
532,552,520,498,511,501,504,453,442,432,531,560,570,570,603,645,654,610,500,521,503,379,422,476,499,531,548,539,548,544,558,552,562,569,577,608,629,645,655,682,691,681,685,670,653,623,579,554,499,456,450,444,459,468,472,480,504,500,497,482,475,476,490,496,506,493,496,455,441,432,417,413,424,431,419,410,411,394,386,380,379,371,364,370,369,359,358,357,357,358,358,359,360,360,360,359,359,356,353,350,346,342,337,333,328,324,320,317,314,311,307
541,534,550,520,496,510,496,496,454,442,433,531,562,572,570,606,646,650,611,505,514,507,382,426,476,496,529,547,539,549,545,558,551,561,568,578,610,627,651,663,688,697,689,690,673,656,626,581,555,502,459,455,448,462,470,474,480,505,499,497,483,476,478,492,498,508,495,498,457,443,433,419,415,426,433,421,412,413,395,387,382,381,372,366,372,371,361,360,359,359,360,360,361,362,362,362,361,360,358,355,352,348,344,339,335,330,326,322,319,316,312
578,538,533,550,519,496,505,489,497,454,442,435,533,564,569,572,607,643,651,615,501,517,510,386,425,472,494,528,547,539,550,546,557,550,559,569,580,608,632,658,669,693,704,693,693,676,659,627,581,557,504,462,458,451,464,471,475,481,503,498,497,483,477,479,494,499,510,497,500,459,445,435,421,417,428,435,423,414,415,397,389,384,383,374,368,374,372,363,361,361,361,362,362,363,363,364,363,363,362,360,357,354,350,345,341,337,332,328,324,321,317
612,570,537,532,548,518,491,499,490,497,454,442,436,535,561,571,573,604,645,656,612,504,520,513,385,422,470,493,527,547,540,550,545,556,548,560,571,579,614,640,664,674,700,708,696,696,679,659,627,583,559,507,465,460,452,465,472,475,480,503,499,498,485,479,481,495,501,512,499,502,461,447,437,423,419,430,437,425,416,417,399,391,385,385,376,370,376,374,364,363,363,363,363,364,365,365,365,365,365,364,362,359,355,352,347,343,338,334,330,326,323
642,609,569,537,531,548,513,486,500,490,497,461,444,438,531,563,572,570,605,648,657,615,507,522,512,382,419,469,492,528,548,540,549,543,554,548,561,571,584,622,645,669,680,704,710,698,697,678,658,628,584,562,510,466,461,453,465,472,474,479,503,499,498,485,479,482,496,502,512,499,503,462,447,438,424,419,431,438,425,417,418,400,392,386,386,377,371,377,375,365,364,364,364,364,365,366,366,366,366,366,365,363,360,356,352,348,344,339,335,331,327
440,630,608,569,536,531,543,509,487,500,490,500,462,445,435,533,564,569,571,609,650,660,617,509,521,509,380,418,468,492,528,548,539,547,541,554,549,562,576,591,627,650,674,684,707,713,700,697,678,659,629,587,563,511,467,461,453,465,470,473,479,503,499,499,486,480,482,497,503,513,500,504,463,448,439,424,420,431,439,426,417,418,401,393,387,387,378,371,378,376,366,365,365,365,365,366,366,367,367,367,367,366,363,360,357,353,349,345,340,336,332
316,477,628,607,568,535,526,540,510,487,500,495,501,463,443,437,534,561,571,575,611,652,662,619,508,518,507,379,417,468,493,528,546,538,545,541,555,549,566,583,596,631,656,678,687,709,714,700,696,678,660,631,588,564,511,467,461,453,464,469,473,479,503,499,499,487,481,483,498,503,514,501,504,463,449,439,425,421,432,439,427,418,419,402,394,388,387,379,372,378,377,367,366,365,365,366,367,367,368,368,368,367,367,364,361,358,354,350,345,341,337
310,319,476,627,606,567,530,523,540,509,487,505,496,502,462,445,438,532,562,574,577,613,654,663,618,505,516,506,378,417,468,492,527,545,535,544,542,548,553,572,587,600,637,660,681,690,711,714,699,697,679,662,632,589,565,512,467,462,452,463,469,473,479,504,500,500,487,482,484,498,504,515,502,505,464,450,440,426,422,433,440,428,419,420,402,394,389,388,379,373,379,378,368,367,366,366,367,367,368,369,369,369,368,367,365,362,359,355,351,346,342
347,304,319,475,626,605,562,528,523,540,509,492,506,497,499,464,445,436,533,565,575,579,615,655,662,615,503,516,506,379,418,468,491,525,541,535,545,540,552,559,577,591,605,640,662,683,692,711,713,700,697,680,663,633,589,565,512,467,461,451,463,469,473,480,504,501,501,488,482,485,499,505,515,502,506,465,451,441,427,423,434,441,429,420,421,403,395,389,389,380,374,380,378,369,367,367,367,368,368,369,369,370,370,369,368,366,363,360,356,352,347
481,341,305,319,475,625,600,561,528,523,540,516,493,507,495,501,464,444,437,536,566,577,580,616,654,660,614,502,515,506,379,418,467,489,522,541,535,545,543,557,563,580,596,608,643,665,685,692,710,714,700,698,681,663,632,589,564,512,466,460,451,463,469,473,480,504,501,501,488,483,485,499,505,516,503,506,465,451,441,427,423,434,441,429,420,421,403,395,390,389,381,374,380,379,369,368,367,367,368,369,369,370,370,370,369,369,366,363,360,356,352
596,462,341,304,318,474,620,598,561,528,523,541,517,494,506,497,502,463,444,440,535,568,578,581,615,652,658,613,502,515,506,379,417,465,486,521,541,537,547,547,561,566,585,599,611,645,667,685,691,711,714,701,699,681,663,632,589,564,511,465,459,450,463,469,473,480,505,501,501,488,483,485,500,505,516,503,506,465,451,442,427,423,434,442,429,420,421,404,396,390,390,381,375,381,379,369,368,368,368,368,369,370,370,370,370,370,369,367,364,360,356
612,593,461,340,303,318,470,618,598,561,528,527,541,517,492,507,497,500,463,447,439,536,568,578,580,613,650,657,613,503,516,506,378,415,462,485,521,546,540,552,551,564,571,588,601,613,647,667,684,691,711,715,702,699,681,662,631,589,563,509,464,459,450,463,469,473,480,505,501,501,489,483,485,500,506,516,503,507,466,451,442,428,423,435,442,429,421,422,404,396,390,390,381,375,381,379,370,368,368,368,369,369,370,370,371,371,370,369,367,364,361
627,608,592,460,339,303,315,469,618,598,560,532,527,542,515,493,507,496,501,465,447,441,537,569,577,578,611,649,657,613,503,516,505,377,412,461,485,528,548,543,555,553,568,574,590,604,614,647,666,685,692,712,716,701,699,680,662,631,587,561,509,464,458,450,463,469,473,480,505,501,502,489,483,486,500,506,516,503,507,466,452,442,428,424,435,442,430,421,422,404,396,391,390,382,375,381,380,370,369,368,368,369,370,370,371,371,371,370,370,367,364
601,626,606,591,459,339,300,314,470,618,597,564,532,527,537,516,493,506,496,502,463,448,441,537,568,575,577,610,649,657,613,503,515,504,374,412,462,490,530,551,546,557,556,571,576,591,605,615,646,667,685,693,713,716,701,699,679,661,630,586,561,508,464,458,450,463,469,473,480,505,502,502,489,483,486,500,506,517,504,507,466,452,442,428,424,435,442,430,421,422,405,397,391,391,382,375,382,380,370,369,369,369,369,370,371,371,371,371,371,370,368
630,597,624,605,590,458,336,300,315,469,617,604,564,532,525,538,516,491,506,497,501,464,448,441,536,566,574,576,610,649,657,613,502,514,501,373,412,467,491,533,554,548,560,559,572,578,593,605,614,647,667,686,693,713,715,701,698,679,660,628,585,560,508,464,458,450,463,469,473,480,505,502,502,489,484,486,500,506,517,504,507,466,452,442,428,424,435,443,430,422,422,405,397,391,391,382,376,382,380,370,369,369,369,369,370,371,371,372,371,371,370
642,628,595,623,604,589,454,336,300,314,468,617,603,564,530,526,538,515,491,507,494,502,464,449,440,534,564,573,575,610,649,657,612,501,511,501,373,414,468,494,535,556,551,562,560,574,579,593,604,614,647,668,687,693,712,715,700,697,678,658,628,585,560,508,464,458,450,463,469,473,480,505,502,502,489,484,486,500,506,517,504,507,466,452,443,428,424,436,443,430,422,423,405,397,391,391,382,376,382,381,371,370,369,369,370,370,371,372,372,372,371
640,641,626,594,622,603,583,454,336,300,314,470,616,603,562,530,525,536,515,492,503,495,502,464,448,438,533,563,572,575,610,649,656,611,498,510,500,373,415,470,495,537,558,553,563,561,575,579,592,604,615,648,669,686,693,712,714,699,695,676,658,627,585,560,508,464,458,450,463,469,473,480,505,502,502,489,484,486,500,506,517,504,507,466,452,443,429,424,436,443,430,422,423,405,397,392,391,382,376,382,381,371,370,369,369,370,371,371,372,372,372
627,638,640,625,593,621,597,584,454,336,299,313,470,616,601,561,529,524,536,515,490,503,494,501,463,446,437,531,562,572,575,610,647,654,608,497,510,501,374,417,471,496,539,560,554,565,562,575,578,592,604,615,648,669,686,692,711,713,697,694,675,657,627,584,559,508,463,458,450,463,469,473,480,505,502,502,489,484,486,500,506,517,504,507,467,452,443,429,424,436,443,431,422,423,405,397,392,391,383,376,382,381,371,370,370,370,370,371,371,372,372
618,622,636,638,624,592,615,598,584,453,335,300,313,469,611,600,561,528,523,535,511,489,503,494,500,461,444,436,530,562,571,575,609,646,651,607,497,510,502,375,417,472,498,540,560,555,565,561,574,578,592,605,616,648,668,686,691,710,711,696,693,675,656,626,584,559,507,463,458,450,463,469,473,480,505,502,502,489,484,486,500,506,517,504,507,467,452,443,429,425,436,443,431,422,423,405,397,392,391,383,376,383,381,371,370,370,370,370,371,372,372
599,619,620,635,637,622,586,616,597,583,452,336,300,313,465,610,599,559,527,523,532,511,489,503,492,498,460,443,435,530,561,571,573,607,643,650,607,497,511,503,377,418,473,499,541,561,555,565,560,574,578,592,605,615,647,668,685,690,709,710,695,692,674,656,626,584,559,507,463,458,450,463,469,473,480,505,502,502,489,484,486,500,506,517,504,507,467,452,443,429,425,436,443,431,422,423,406,398,392,392,383,377,383,381,371,370,370,370,370,371,372
596,597,616,619,633,635,616,587,615,596,581,451,336,299,309,464,609,597,558,526,520,531,510,488,501,491,496,459,442,435,529,560,570,572,604,642,649,607,498,512,504,377,419,474,499,541,561,555,564,560,574,578,592,604,615,647,667,684,689,707,709,694,692,673,655,625,583,558,507,463,458,450,462,469,473,480,505,501,502,489,484,486,500,506,517,504,507,467,452,443,429,425,436,443,431,422,423,406,398,392,392,383,377,383,381,372,370,370,370,371,371
577,595,594,615,617,631,628,617,586,614,594,581,450,335,296,308,463,607,596,557,522,519,530,509,487,499,489,495,458,442,434,529,559,568,569,603,641,647,607,499,513,504,377,419,474,499,541,560,554,563,560,574,578,592,604,614,646,666,682,687,706,708,693,691,673,655,625,583,558,507,463,458,449,462,469,473,480,504,501,501,489,483,486,500,506,516,504,507,466,452,443,429,425,436,443,431,422,423,406,398,392,392,383,377,383,381,372,371,370,370,371
589,572,593,592,612,614,624,630,616,585,612,594,580,449,332,296,307,461,605,594,552,521,518,529,507,485,497,488,494,457,441,434,527,557,565,568,602,640,647,608,500,513,504,377,419,474,499,540,559,553,563,560,574,578,591,603,613,645,664,681,686,705,707,692,690,672,654,624,582,558,506,463,457,449,462,469,473,480,504,501,501,489,483,486,500,506,516,503,507,466,452,443,429,425,436,443,431,422,423,406,398,392,392,383,377,383,382,372,371,370,370
569,585,570,590,589,610,607,626,628,614,582,609,592,578,446,331,295,306,460,604,589,551,519,516,527,505,483,496,486,492,456,440,432,525,555,564,567,601,640,647,609,500,513,503,376,419,473,498,539,559,553,563,559,573,577,590,602,612,643,662,679,685,704,706,692,689,671,653,624,582,557,506,462,457,449,462,468,472,479,504,501,501,488,483,485,500,506,516,503,507,466,452,443,429,425,436,443,431,422,423,406,398,392,392,383,377,383,382,372,371,370
553,570,583,569,589,587,603,609,624,626,612,583,607,590,575,444,330,294,305,458,599,587,549,518,515,525,503,481,494,485,491,455,438,431,523,553,563,567,601,640,648,609,500,512,502,376,418,472,497,538,558,553,562,559,572,576,589,600,610,641,661,678,684,703,705,691,688,670,652,623,581,556,505,462,457,448,461,468,472,479,503,500,500,488,483,485,499,505,516,503,506,466,452,442,429,424,436,443,431,422,423,406,398,392,392,383,377,383,382,372,371
540,551,565,582,566,586,581,605,607,622,623,608,580,605,587,573,443,328,292,303,454,596,585,547,515,512,522,501,479,492,483,490,453,437,428,521,552,561,566,601,641,648,609,499,511,501,375,417,471,496,538,557,552,561,557,571,574,588,599,608,640,659,677,683,702,704,689,687,669,651,622,580,556,505,461,456,448,461,467,471,479,503,500,500,488,482,485,499,505,515,502,506,466,452,442,428,424,435,443,430,422,423,405,398,392,392,383,377,383,381,372
534,535,546,562,578,562,579,581,602,604,619,621,605,578,601,585,571,441,327,291,300,452,594,582,544,513,510,520,499,478,491,482,488,451,434,427,520,550,561,567,602,640,648,608,499,509,499,374,415,470,495,537,556,551,560,556,570,573,586,597,607,638,658,675,681,700,702,688,686,668,650,621,579,555,504,460,455,447,460,467,471,478,502,499,499,487,482,484,498,504,515,502,505,465,451,442,428,424,435,442,430,422,423,405,397,392,392,383,377,383,381
513,531,532,543,558,574,555,579,579,600,601,615,618,602,574,599,582,568,438,325,290,299,450,591,580,542,510,507,518,497,476,489,480,486,449,433,425,518,549,560,567,601,640,647,607,497,508,497,372,414,469,494,536,555,550,559,555,568,571,584,595,605,637,656,674,680,699,701,687,684,667,649,620,578,554,503,460,455,447,460,466,470,477,502,499,499,486,481,483,498,504,514,501,505,465,451,441,428,424,435,442,430,421,422,405,397,392,391,383,376,383
510,505,529,527,539,556,567,555,577,576,596,599,612,615,597,571,595,579,565,436,322,288,297,448,588,576,539,508,505,515,495,474,487,477,484,447,431,424,517,548,560,566,601,639,645,606,496,506,495,371,413,468,493,535,554,548,557,553,566,569,582,594,604,635,655,672,678,697,699,685,683,665,648,618,577,553,502,459,454,446,459,465,470,477,501,498,498,486,480,483,497,503,513,501,504,464,450,441,427,423,434,441,429,421,422,405,397,391,391,382,376
487,514,505,530,529,537,548,567,553,574,572,594,595,609,609,594,568,592,576,562,432,320,287,296,445,584,573,536,505,503,513,493,472,484,475,481,445,429,423,517,548,559,566,600,637,644,604,494,503,493,370,412,466,491,533,552,546,555,551,564,567,580,592,602,633,653,670,676,695,697,683,681,664,646,617,576,551,501,458,453,445,458,464,469,476,500,497,497,485,479,482,496,502,513,500,503,463,450,440,427,422,434,441,429,420,421,404,396,391,391,382
472,486,505,503,524,522,529,548,564,549,570,568,590,592,603,605,590,565,588,572,556,430,319,285,294,442,580,570,533,502,500,510,490,469,481,473,479,443,427,423,516,547,558,565,599,636,642,601,492,502,491,369,410,465,489,531,550,544,552,548,562,565,578,590,600,631,651,668,674,693,695,681,679,662,644,615,574,550,500,457,452,444,457,463,467,475,499,496,496,484,478,481,495,501,512,499,503,463,449,440,426,422,433,440,428,420,421,404,396,390,390
457,467,479,501,497,518,515,529,544,560,545,566,564,586,586,599,601,586,561,585,568,552,427,317,283,292,439,577,566,530,500,497,507,487,466,479,470,475,442,427,422,515,545,557,563,597,634,639,599,490,499,489,367,408,463,487,529,547,541,550,546,560,563,576,588,598,629,649,666,672,691,693,679,677,660,642,613,572,549,498,456,451,443,456,462,466,473,498,495,495,483,477,480,494,500,511,498,502,462,448,439,425,421,432,439,427,419,420,403,395,390
435,453,463,473,495,493,511,514,525,540,556,542,561,560,581,582,595,597,582,556,579,564,549,424,314,281,290,436,573,563,526,496,494,504,484,463,476,467,473,441,426,421,513,544,555,562,595,631,636,596,488,497,487,366,406,461,485,526,544,539,547,544,557,561,574,585,596,627,646,663,670,688,691,677,675,658,640,611,571,547,497,454,449,442,454,461,465,472,496,493,494,482,476,479,493,499,509,497,500,461,447,438,424,420,431,439,427,418,419,402,395
429,424,451,455,468,492,485,509,510,521,535,552,537,557,553,576,577,590,592,577,551,574,560,544,421,312,279,287,433,568,559,523,493,490,501,481,460,473,466,472,440,425,419,511,542,554,559,592,628,634,594,486,495,485,363,404,459,482,523,542,536,545,542,555,558,571,583,593,624,644,661,667,686,688,675,673,655,638,609,569,545,495,453,448,440,453,460,464,471,495,492,492,480,475,478,492,498,508,496,499,460,446,437,423,419,431,438,426,417,419,401
412,433,425,452,459,466,484,483,505,505,516,534,547,532,550,548,571,572,584,586,569,547,569,555,540,417,309,276,285,429,564,555,519,489,486,497,477,458,471,464,471,438,423,417,508,539,551,556,589,625,630,591,483,492,482,361,402,456,479,520,539,533,542,539,552,556,569,580,591,622,641,658,664,683,686,672,670,653,636,607,567,543,494,451,446,439,451,458,462,469,493,491,491,479,474,476,490,496,507,494,498,458,445,436,422,418,429,437,425,416,418
402,408,420,423,444,449,458,481,478,499,499,511,528,541,525,545,542,565,566,578,576,564,542,564,550,534,413,306,274,283,426,559,550,514,485,482,493,474,455,468,462,468,436,420,415,505,536,547,553,586,621,627,588,480,489,478,359,399,453,476,517,536,530,539,536,549,553,566,577,588,619,638,655,661,680,683,669,667,650,633,605,564,541,492,450,445,437,450,456,461,468,492,489,489,477,472,475,489,495,505,493,497,457,444,435,421,417,428,435,424,415
387,399,398,414,415,435,440,454,476,472,493,494,505,522,534,519,538,536,558,559,568,570,558,536,558,544,529,409,303,271,280,421,554,545,510,481,478,488,471,453,466,459,465,433,418,412,502,532,544,550,582,618,623,584,477,486,475,356,396,450,474,514,533,527,536,533,546,550,563,574,585,616,635,652,658,677,679,666,664,647,630,602,562,539,490,448,443,435,448,455,459,466,490,487,488,476,471,473,487,493,504,491,495,456,442,433,420,416,427,434,423
372,375,393,390,406,409,426,437,448,470,466,488,488,499,515,527,512,531,529,551,551,561,563,552,530,551,538,523,405,300,269,277,417,548,539,505,476,475,485,468,450,463,457,462,430,415,409,498,528,540,547,579,614,619,581,474,482,472,353,393,447,470,511,529,524,533,530,543,547,560,571,582,612,632,649,655,674,676,663,661,644,628,599,560,536,488,446,441,434,446,453,457,464,488,485,486,474,469,471,486,492,502,490,493,454,441,432,419,415,426,433
353,359,373,380,381,402,400,422,430,442,463,461,481,481,490,507,519,505,524,521,540,543,554,555,544,523,544,532,517,400,297,265,273,412,542,533,499,472,470,481,465,447,459,453,459,427,411,405,493,524,536,543,575,610,615,576,471,479,468,351,391,444,467,508,526,521,530,527,540,544,557,568,578,609,628,645,651,670,673,660,658,641,625,597,557,534,486,444,439,432,445,451,455,462,486,484,484,472,467,470,484,490,500,488,492,453,440,431,417,414,425
340,360,361,375,388,379,392,395,415,423,434,456,453,473,472,482,499,511,496,515,511,532,534,545,547,536,515,537,525,511,395,293,262,270,407,535,527,495,467,466,477,461,443,456,450,455,423,407,401,489,520,532,539,571,605,610,572,467,475,464,348,388,441,464,504,522,518,526,523,537,540,553,565,575,606,625,642,648,667,669,656,655,638,622,594,555,532,483,442,437,430,443,449,454,461,484,482,482,470,466,468,482,488,499,487,490,451,438,429,416,412
321,340,339,358,362,372,369,386,387,407,415,426,448,445,463,463,473,490,501,487,504,502,523,525,536,538,528,507,529,517,503,389,289,258,266,402,528,522,489,463,461,472,456,439,451,445,450,418,403,397,485,515,528,535,566,600,605,567,463,471,461,345,385,437,461,501,519,514,523,520,533,537,550,561,572,602,621,638,644,663,666,653,651,635,619,591,552,529,481,440,435,428,441,447,452,459,482,480,480,469,464,466,481,486,497,485,489,450,437,428,415
301,314,325,331,345,351,361,363,378,379,398,408,417,438,435,453,454,464,479,490,477,494,492,513,516,526,528,519,499,521,509,495,383,284,254,262,396,519,515,483,457,456,467,451,435,447,440,445,414,399,393,480,510,523,530,561,595,600,562,458,467,457,342,382,434,457,497,515,510,519,516,530,533,546,558,568,598,617,634,641,659,662,649,648,631,615,588,549,526,479,438,433,426,439,445,450,457,480,478,478,467,462,465,479,485,495,483,487,448,435,426
289,286,306,312,318,336,340,354,355,368,370,390,398,408,427,425,443,444,453,468,478,467,484,482,502,505,515,519,509,490,511,500,487,376,279,250,258,388,511,508,477,451,451,461,446,430,441,435,440,409,394,389,475,505,517,524,555,589,594,556,454,462,453,339,378,430,453,493,511,506,515,512,526,529,542,554,564,594,613,630,636,655,658,645,644,628,612,585,546,524,476,435,431,424,436,443,447,455,478,475,476,465,460,463,477,483,493,481,485,447,434
271,270,283,287,299,313,324,331,344,345,358,361,380,388,396,416,414,432,431,441,454,466,455,472,471,490,493,504,507,498,480,501,490,478,369,274,245,251,381,503,500,469,445,444,455,440,424,435,429,434,404,390,384,469,499,511,518,549,582,587,551,449,458,448,336,375,426,449,489,506,502,511,508,521,525,538,550,560,590,609,626,632,651,653,641,640,624,608,581,543,520,473,433,429,422,434,441,445,452,476,473,474,462,458,460,475,480,491,479,483,445
261,278,272,286,296,297,300,315,321,334,334,351,350,368,377,384,404,402,419,418,424,441,453,443,459,458,477,481,492,496,487,469,490,479,468,362,269,240,246,374,494,491,461,438,437,447,433,417,428,423,428,398,384,379,463,492,505,512,543,576,581,544,445,453,444,333,371,422,445,484,502,497,506,504,517,521,534,545,555,585,604,621,627,646,649,636,635,619,604,577,539,517,470,430,426,419,432,438,443,450,473,471,471,460,455,458,472,478,489,477,481
249,259,252,267,268,275,284,291,304,310,322,322,339,339,356,364,372,391,389,405,403,411,427,439,429,445,444,464,468,479,483,474,458,478,468,457,353,262,234,241,366,484,482,452,430,430,440,425,410,422,416,421,392,378,373,456,486,498,505,535,568,573,538,439,447,438,329,367,417,440,479,496,492,501,499,512,516,529,540,550,580,599,616,622,640,644,631,630,615,599,573,535,513,467,427,423,416,429,435,440,447,470,468,469,457,453,456,470,476,486,474
236,237,240,239,250,252,262,273,279,292,298,310,310,326,325,343,351,358,376,373,387,388,397,412,424,415,430,430,450,454,465,468,461,445,465,456,445,343,255,229,236,359,473,472,443,421,421,431,417,402,414,409,414,385,372,368,450,478,491,498,528,560,566,531,433,442,433,325,362,412,435,473,491,487,496,493,506,510,523,535,545,574,593,610,616,635,638,626,625,610,594,568,531,509,464,424,420,413,426,432,437,444,467,465,466,455,450,453,467,473,483
216,216,226,223,223,238,238,251,261,267,278,285,296,297,313,311,328,337,343,360,356,371,373,381,397,407,399,415,415,435,439,449,453,447,432,452,443,433,334,249,223,230,350,461,460,433,412,412,421,408,394,406,401,406,378,365,361,442,470,483,490,519,552,557,523,427,435,427,320,357,407,429,467,485,481,490,487,501,505,517,529,539,568,587,604,610,628,632,620,619,604,589,563,526,505,460,421,417,410,422,429,433,441,464,461,462,451,447,450,464,470
201,189,212,202,207,216,224,227,238,248,253,266,271,282,282,298,297,313,320,326,339,340,354,356,365,379,390,383,399,399,418,422,433,437,431,417,437,429,420,324,242,217,224,340,449,448,421,401,402,412,399,386,397,393,398,372,358,354,434,461,474,481,510,542,548,514,420,428,420,315,352,401,423,460,478,474,483,481,494,498,511,522,532,561,580,597,603,621,625,613,613,598,583,558,521,500,455,417,413,406,419,425,430,437,460,458,459,448,444,446,460
180,208,192,212,211,203,202,211,214,224,234,240,251,257,265,267,282,282,296,303,307,322,322,337,339,347,361,372,366,381,382,400,405,415,420,415,402,420,414,406,314,234,210,217,330,435,435,409,390,391,401,390,376,388,384,389,363,350,347,424,451,464,472,500,532,537,505,412,421,413,310,346,394,416,453,470,467,476,474,487,491,504,515,525,554,573,589,596,614,617,606,605,591,577,551,516,495,450,412,409,402,414,421,426,433,456,454,455,444,440,443
157,177,176,181,189,186,188,189,198,200,209,219,225,236,241,249,251,266,264,278,284,289,303,304,318,320,328,343,354,348,363,364,381,386,397,402,397,385,404,399,391,302,226,203,210,319,420,421,397,379,380,390,379,367,377,374,379,354,342,338,414,441,454,461,490,520,526,494,404,412,405,304,340,387,409,445,462,459,468,466,479,483,496,507,517,546,564,581,587,605,609,598,597,583,569,545,509,489,445,408,404,398,410,417,421,428,451,449,450,440,436
135,142,156,161,161,171,170,175,175,183,185,195,204,210,219,225,233,234,248,246,259,265,271,284,286,298,300,310,323,334,328,343,344,361,367,378,383,378,368,387,382,376,291,217,195,202,307,405,407,383,366,368,378,367,356,366,364,369,344,332,329,404,430,442,450,478,508,514,483,395,403,396,297,332,379,400,436,453,450,459,457,470,475,487,498,509,537,555,571,578,596,600,589,589,575,561,537,502,482,439,402,399,393,405,412,416,423,446,444,445,435
118,114,133,137,143,150,155,157,161,161,168,172,180,188,194,203,208,216,216,229,227,240,246,252,265,265,278,281,290,303,313,308,322,324,341,347,357,362,359,350,369,365,359,278,208,187,193,295,389,391,369,353,355,365,355,345,355,352,357,334,322,319,392,417,430,437,465,494,500,470,385,393,386,290,324,370,391,426,443,440,449,448,460,465,477,489,499,527,545,561,568,585,589,579,579,565,552,528,494,475,433,396,393,387,399,406,410,418,440,438,439
89,97,112,109,121,134,134,142,143,147,146,154,157,164,172,177,186,191,197,198,209,209,221,227,232,244,245,258,261,270,282,292,288,301,304,320,326,336,341,339,331,349,347,342,264,198,178,184,281,372,375,354,339,341,351,342,332,342,340,344,322,311,309,379,404,416,424,450,480,485,457,374,382,375,282,316,360,381,416,432,429,438,437,450,454,467,478,488,515,533,549,556,574,578,568,568,555,542,519,486,467,425,390,386,381,393,399,404,411,433,432
87,87,98,103,113,115,119,120,128,128,132,134,139,141,149,156,161,169,173,179,179,189,190,201,207,211,223,225,238,240,249,260,269,266,280,282,298,305,314,320,318,311,330,327,323,250,188,168,175,268,353,357,338,324,326,336,327,319,328,326,331,309,299,297,365,389,401,409,435,463,469,442,362,370,364,274,306,350,370,403,420,417,426,425,438,442,455,466,476,503,520,536,543,560,564,555,555,543,530,508,476,457,417,382,379,373,385,392,397,404,426
71,77,70,85,88,94,101,106,107,114,114,117,120,124,127,133,140,145,150,155,158,161,170,172,182,187,191,203,205,217,219,228,239,247,245,258,260,276,283,292,298,297,292,309,307,304,235,177,159,165,253,334,338,320,308,310,320,312,304,313,311,316,296,286,284,350,373,385,392,418,445,451,425,348,356,351,264,296,338,357,390,406,404,413,412,424,429,441,452,462,488,506,522,529,546,550,541,541,529,517,496,464,447,407,373,371,365,377,384,388,396
58,61,67,62,72,76,81,89,93,93,99,101,103,106,110,112,118,124,127,133,137,140,143,152,153,162,167,172,183,184,196,198,206,217,225,223,235,237,254,261,268,275,275,271,287,286,283,219,166,149,155,238,314,318,302,291,294,303,295,288,296,295,300,281,272,271,333,356,367,375,399,426,432,407,334,342,336,253,284,325,344,376,391,389,398,398,410,414,426,437,447,473,490,505,512,529,533,525,526,514,503,482,452,435,396,364,361,356,368,374,379
46,47,54,55,51,64,64,70,77,80,80,87,88,90,93,96,97,103,107,111,116,120,123,126,133,134,142,148,153,163,164,175,177,185,195,203,201,213,216,231,238,245,252,253,249,265,264,262,203,154,138,144,222,292,297,282,272,276,284,277,270,279,278,283,265,257,256,315,337,348,356,379,405,411,387,318,326,321,242,271,310,329,359,375,373,382,382,393,398,410,420,430,455,472,487,494,511,515,507,508,498,487,467,438,421,384,353,350,346,357,364
39,36,43,43,46,44,54,54,59,66,68,71,74,75,77,80,83,84,88,92,95,100,103,106,109,115,117,125,130,134,143,144,155,156,165,173,180,181,191,194,208,215,222,229,230,227,243,243,241,187,142,128,133,205,271,276,262,253,256,264,258,252,261,260,265,249,241,240,296,317,328,335,357,382,388,366,301,308,304,229,257,295,312,342,356,355,364,364,375,380,392,402,412,436,452,467,474,490,495,488,489,479,469,450,422,406,371,340,338,334,345
29,34,32,37,39,41,36,45,45,49,55,58,59,62,63,65,68,71,70,74,78,80,85,88,91,93,98,101,107,113,116,124,125,135,137,145,152,160,160,170,172,185,193,199,206,208,205,220,220,219,170,129,117,122,188,248,253,241,233,236,244,238,233,241,241,245,231,224,223,276,295,306,313,334,357,363,343,282,290,286,216,242,278,295,323,337,336,344,344,356,361,372,382,391,415,430,445,452,468,472,465,467,458,448,430,404,389,355,327,325,321
23,24,27,27,29,30,34,29,37,37,40,46,48,48,52,53,55,57,58,58,62,65,67,71,74,76,78,83,86,91,96,99,106,107,117,118,125,133,140,140,149,151,164,171,177,183,185,184,197,198,197,153,117,105,110,170,225,231,219,212,215,222,218,213,221,221,225,212,206,206,254,272,282,289,309,331,337,319,262,269,266,201,226,259,275,302,315,315,323,323,334,339,350,360,369,391,406,420,427,442,447,441,443,434,426,409,384,370,338,311,310
17,18,19,21,21,23,24,27,24,30,29,34,37,39,40,43,43,45,46,47,49,51,54,55,59,61,63,65,70,72,77,81,84,90,91,100,100,107,114,121,121,129,132,143,150,155,160,164,163,175,176,176,136,104,94,98,152,201,206,197,190,193,200,196,192,200,200,204,192,187,187,232,249,258,264,283,303,309,293,241,248,245,185,209,240,255,280,292,292,300,301,311,316,326,336,345,366,380,394,401,415,420,415,416,409,401,386,362,350,320,294
12,13,15,14,16,16,18,19,22,19,24,25,27,29,31,32,35,34,36,37,38,39,41,43,45,47,49,52,54,57,59,63,67,69,75,76,83,85,91,97,102,103,110,113,123,129,133,139,142,142,153,154,154,119,92,83,87,134,177,183,174,169,172,178,175,172,178,179,183,173,168,168,209,224,233,239,256,275,281,266,220,226,224,169,191,219,234,256,268,269,276,277,287,292,301,310,319,339,353,365,372,386,391,386,388,381,374,360,339,327,300
8,9,11,10,11,13,12,14,14,17,14,19,19,21,23,25,25,28,26,28,29,30,31,33,34,35,37,39,42,44,46,48,51,54,57,62,62,68,71,76,81,86,87,93,95,104,110,114,119,122,122,132,132,132,103,79,72,75,116,154,160,152,148,151,157,154,151,158,158,162,153,150,150,186,200,208,214,230,247,252,239,198,204,202,153,172,199,212,233,244,244,251,252,262,266,275,284,292,311,324,336,342,355,360,356,358,352,346,333,314,303
0,0,0,0,0,0,0,0,0,0,0,8,10,11,16,18,19,19,21,20,21,22,23,24,26,26,27,29,31,33,35,36,38,41,44,46,49,52,56,58,62,66,71,72,77,79,86,92,95,99,102,103,111,111,112,87,68,61,64,99,132,137,131,128,130,135,133,131,137,138,141,134,131,131,163,176,183,188,202,218,223,212,175,181,179,136,154,177,189,208,218,219,225,227,235,240,248,256,264,281,293,304,310,323,327,324,326,321,316,305,287
0,0,0,0,0,0,0,0,0,0,0,6,6,8,11,12,14,15,14,16,15,16,17,17,18,19,20,21,22,24,26,27,28,29,32,34,36,40,42,44,45,50,53,57,58,63,64,71,75,75,80,84,84,90,92,92,72,56,50,54,83,111,116,111,108,110,115,113,112,117,118,121,115,112,113,140,152,158,163,175,189,194,184,152,158,157,119,135,155,166,183,192,193,199,200,208,212,220,228,235,250,261,271,277,288,293,290,293,288,284,274
0,0,0,0,0,0,0,0,0,0,0,4,5,4,8,8,9,10,10,10,11,11,12,12,13,13,14,15,16,17,18,20,21,21,23,24,26,28,32,33,34,36,40,42,46,47,51,52,57,59,60,64,67,67,73,74,74,57,45,41,44,68,91,95,91,89,91,95,94,93,97,98,101,96,94,95,118,128,134,138,149,160,165,157,130,135,134,102,115,133,143,158,166,167,172,174,181,184,191,198,205,218,228,238,243,253,257,255,258,254,251
0,0,0,0,0,0,0,0,0,0,0,3,3,3,4,6,6,7,7,7,8,8,8,9,9,9,10,11,11,11,12,13,15,15,16,17,18,20,22,24,25,26,27,31,33,36,36,40,41,45,47,47,50,53,53,57,58,58,44,36,33,35,55,73,76,74,72,74,77,77,76,79,80,83,79,77,78,97,105,110,114,123,133,137,131,109,112,112,85,97,112,120,133,140,141,146,147,153,157,163,169,175,187,195,204,209,218,222,220,223,220
0,0,0,0,0,0,0,0,0,0,0,2,2,2,3,3,4,4,5,5,5,5,5,5,6,7,7,7,8,8,8,9,10,11,12,12,12,14,15,16,18,18,20,21,24,25,27,28,31,31,35,36,36,38,41,41,45,45,44,34,28,25,27,43,57,60,58,57,58,61,61,60,63,64,66,63,62,63,78,85,89,92,100,108,111,106,89,92,92,70,80,92,99,110,116,117,121,122,128,131,136,141,146,157,164,171,176,183,187,186,188
0,0,0,0,0,0,0,0,0,0,0,0,0,0,0,0,0,0,0,0,0,0,0,0,0,0,0,0,0,0,0,0,0,0,0,0,0,0,0,0,0,0,0,0,0,0,0,0,0,0,0,27,28,27,28,31,31,34,35,33,26,21,19,21,33,44,46,45,44,45,47,47,47,49,50,52,49,49,49,62,67,71,73,79,86,89,85,71,74,74,56,64,75,80,89,94,95,98,100,104,107,112,116,120,129,135,141,145,152,155,155
0,0,0,0,0,0,0,0,0,0,0,0,0,0,0,0,0,0,0,0,0,0,0,0,0,0,0,0,0,0,0,0,0,0,0,0,0,0,0,0,0,0,0,0,0,0,0,0,0,0,0,18,20,20,20,20,23,24,24,26,25,19,16,14,16,25,33,35,34,33,34,36,36,36,38,38,40,38,38,38,48,52,55,57,62,67,70,67,56,58,58,45,51,59,64,71,75,76,79,80,84,86,90,94,97,104,110,115,118,124,126
0,0,0,0,0,0,0,0,0,0,0,0,0,0,0,0,0,0,0,0,0,0,0,0,0,0,0,0,0,0,0,0,0,0,0,0,0,0,0,0,0,0,0,0,0,0,0,0,0,0,0,14,14,15,15,14,15,17,17,18,19,18,14,11,11,11,18,24,26,25,25,25,27,27,27,28,29,30,29,28,29,36,40,42,44,47,52,53,51,43,45,45,35,39,46,50,55,59,59,62,63,66,68,71,74,77,83,87,91,94,99
0,0,0,0,0,0,0,0,0,0,0,0,0,0,0,0,0,0,0,0,0,0,0,0,0,0,0,0,0,0,0,0,0,0,0,0,0,0,0,0,0,0,0,0,0,0,0,0,0,0,0,10,10,10,11,11,10,11,12,12,12,13,13,10,8,8,8,13,18,19,18,18,19,20,20,20,21,21,22,21,21,21,27,30,31,33,36,39,40,39,32,34,34,26,30,35,38,42,45,46,48,48,51,53,55,58,60,65,68,72,74
0,0,0,0,0,0,0,0,0,0,0,0,0,0,0,0,0,0,0,0,0,0,0,0,0,0,0,0,0,0,0,0,0,0,0,0,0,0,0,0,0,0,0,0,0,0,0,0,0,0,0,7,7,8,8,8,8,8,8,8,8,9,9,9,7,6,5,6,9,12,13,13,13,13,14,14,14,15,15,16,15,15,16,20,21,23,24,26,28,30,29,24,25,25,19,22,26,28,32,34,34,36,37,38,40,42,44,46,49,52,55]
